text,label,specialization
"Срочно, капитан, механика барахлит, действуй!",Ремонт механики,Капитан
"Срочно, капитан, механика в хламе — чини, пока не взорвалось!",Ремонт механики,Капитан
"Механика в хламе — чини, пока не взорвалось, капитан!",Ремонт механики,Капитан
"Срочно, двигатель подвел, исправь, капитан!",Ремонт механики,Капитан
"Капитан, всё гремит, почини механику!",Ремонт механики,Капитан
"Капитан, быстрее, двигатель подвел, исправь!",Ремонт механики,Капитан
"Капитан, срочно, всё гремит, почини механику!",Ремонт механики,Капитан
"Механика дышит последними силами — не дай ей умереть, капитан!",Ремонт механики,Капитан
"Капитан, давай живее, нам нужна подвижность, чини механику!",Ремонт механики,Капитан
"Давай живее, всё гремит, почини механику, капитан!",Ремонт механики,Капитан
"Капитан, срочно, двигатель подвел, исправь!",Ремонт механики,Капитан
"Давай живее, капитан, механика заклинила, чини!",Ремонт механики,Капитан
"Капитан, быстрее, осмотри двигатель, там трещит!",Ремонт механики,Капитан
"Немедленно, механика дышит последними силами — не дай ей умереть, капитан!",Ремонт механики,Капитан
"Быстрее, нам нужна подвижность, чини механику, капитан!",Ремонт механики,Капитан
"Пока не поздно, двигатель подвел, исправь, капитан!",Ремонт механики,Капитан
"Пока не поздно, капитан, двигатель подвел, исправь!",Ремонт механики,Капитан
"Давай живее, двигатель подвел, исправь, капитан!",Ремонт механики,Капитан
"Давай живее, капитан, механика в хламе — чини, пока не взорвалось!",Ремонт механики,Капитан
"Срочно, нам нужна подвижность, чини механику, капитан!",Ремонт механики,Капитан
"Пока не поздно, всё гремит, почини механику, капитан!",Ремонт механики,Капитан
"Немедленно, механика заклинила, чини, капитан!",Ремонт механики,Капитан
"Пока не поздно, капитан, механика дышит последними силами — не дай ей умереть!",Ремонт механики,Капитан
"Давай живее, капитан, механика дышит последними силами — не дай ей умереть!",Ремонт механики,Капитан
"Капитан, срочно, механика дышит последними силами — не дай ей умереть!",Ремонт механики,Капитан
"Пока не поздно, капитан, нам нужна подвижность, чини механику!",Ремонт механики,Капитан
"Нам нужна подвижность, капитан, чини механику!",Ремонт механики,Капитан
"Быстрее, двигатель подвел, исправь, капитан!",Ремонт механики,Капитан
"Быстрее, капитан, срочно ремонтируй механику!",Ремонт механики,Капитан
"Механика в хламе — чини, капитан, пока не взорвалось!",Ремонт механики,Капитан
"Срочно ремонтируй механику, капитан!",Ремонт механики,Капитан
"Капитан, давай живее, осмотри двигатель, там трещит!",Ремонт механики,Капитан
"Срочно, капитан, осмотри двигатель, там трещит!",Ремонт механики,Капитан
"Капитан, немедленно, почини механизмы, срочно!",Ремонт механики,Капитан
"Пока не поздно, осмотри двигатель, там трещит, капитан!",Ремонт механики,Капитан
"Механика барахлит, капитан, действуй!",Ремонт механики,Капитан
"Срочно, механика в хламе — чини, пока не взорвалось, капитан!",Ремонт механики,Капитан
"Давай живее, замени шестерни, давай живее, капитан!",Ремонт механики,Капитан
"Немедленно, капитан, механика заклинила, чини!",Ремонт механики,Капитан
"Капитан, давай живее, замени шестерни, давай живее!",Ремонт механики,Капитан
"Немедленно, замени шестерни, давай живее, капитан!",Ремонт механики,Капитан
"Капитан, срочно, механика в хламе — чини, пока не взорвалось!",Ремонт механики,Капитан
"Быстрее, механика заклинила, чини, капитан!",Ремонт механики,Капитан
"Капитан, почини механизмы, срочно!",Ремонт механики,Капитан
"Срочно, почини механизмы, срочно, капитан!",Ремонт механики,Капитан
"Давай живее, нам нужна подвижность, чини механику, капитан!",Ремонт механики,Капитан
"Капитан, быстрее, срочно ремонтируй механику!",Ремонт механики,Капитан
"Быстрее, срочно ремонтируй механику, капитан!",Ремонт механики,Капитан
"Капитан, нам нужна подвижность, чини механику!",Ремонт механики,Капитан
"Замени шестерни, капитан, давай живее!",Ремонт механики,Капитан
"Всё гремит, капитан, почини механику!",Ремонт механики,Капитан
"Осмотри двигатель, там трещит, капитан!",Ремонт механики,Капитан
"Капитан, срочно ремонтируй механику!",Ремонт механики,Капитан
"Срочно, механика дышит последними силами — не дай ей умереть, капитан!",Ремонт механики,Капитан
"Капитан, давай живее, механика заклинила, чини!",Ремонт механики,Капитан
"Замени шестерни, давай живее, капитан!",Ремонт механики,Капитан
"Немедленно, капитан, механика в хламе — чини, пока не взорвалось!",Ремонт механики,Капитан
"Капитан, механика дышит последними силами — не дай ей умереть!",Ремонт механики,Капитан
"Двигатель подвел, капитан, исправь!",Ремонт механики,Капитан
"Капитан, механика барахлит, действуй!",Ремонт механики,Капитан
"Капитан, немедленно, нам нужна подвижность, чини механику!",Ремонт механики,Капитан
"Срочно, осмотри двигатель, там трещит, капитан!",Ремонт механики,Капитан
"Немедленно, капитан, механика дышит последними силами — не дай ей умереть!",Ремонт механики,Капитан
"Капитан, осмотри двигатель, там трещит!",Ремонт механики,Капитан
"Немедленно, капитан, срочно ремонтируй механику!",Ремонт механики,Капитан
"Быстрее, капитан, почини механизмы, срочно!",Ремонт механики,Капитан
"Капитан, срочно, нам нужна подвижность, чини механику!",Ремонт механики,Капитан
"Немедленно, капитан, всё гремит, почини механику!",Ремонт механики,Капитан
"Капитан, давай живее, всё гремит, почини механику!",Ремонт механики,Капитан
"Капитан, срочно, механика барахлит, действуй!",Ремонт механики,Капитан
"Быстрее, почини механизмы, срочно, капитан!",Ремонт механики,Капитан
"Механика заклинила, капитан, чини!",Ремонт механики,Капитан
"Срочно, капитан, двигатель подвел, исправь!",Ремонт механики,Капитан
"Давай живее, капитан, нам нужна подвижность, чини механику!",Ремонт механики,Капитан
"Капитан, замени шестерни, давай живее!",Ремонт механики,Капитан
"Механика барахлит, действуй, капитан!",Ремонт механики,Капитан
"Нам нужна подвижность, чини механику, капитан!",Ремонт механики,Капитан
"Немедленно, капитан, осмотри двигатель, там трещит!",Ремонт механики,Капитан
"Пока не поздно, замени шестерни, давай живее, капитан!",Ремонт механики,Капитан
"Капитан, немедленно, двигатель подвел, исправь!",Ремонт механики,Капитан
"Немедленно, механика в хламе — чини, пока не взорвалось, капитан!",Ремонт механики,Капитан
"Давай живее, механика заклинила, чини, капитан!",Ремонт механики,Капитан
"Капитан, давай живее, механика дышит последними силами — не дай ей умереть!",Ремонт механики,Капитан
"Пока не поздно, капитан, механика в хламе — чини, пока не взорвалось!",Ремонт механики,Капитан
"Почини механизмы, капитан, срочно!",Ремонт механики,Капитан
"Срочно, капитан, почини механизмы, срочно!",Ремонт механики,Капитан
"Немедленно, капитан, почини механизмы, срочно!",Ремонт механики,Капитан
"Давай живее, капитан, почини механизмы, срочно!",Ремонт механики,Капитан
"Капитан, механика в хламе — чини, пока не взорвалось!",Ремонт механики,Капитан
"Давай живее, механика дышит последними силами — не дай ей умереть, капитан!",Ремонт механики,Капитан
"Давай живее, осмотри двигатель, там трещит, капитан!",Ремонт механики,Капитан
"Срочно, капитан, срочно ремонтируй механику!",Ремонт механики,Капитан
"Срочно, механика барахлит, действуй, капитан!",Ремонт механики,Капитан
"Капитан, пока не поздно, срочно ремонтируй механику!",Ремонт механики,Капитан
"Капитан, быстрее, нам нужна подвижность, чини механику!",Ремонт механики,Капитан
"Срочно, механика заклинила, чини, капитан!",Ремонт механики,Капитан
"Капитан, немедленно, всё гремит, почини механику!",Ремонт механики,Капитан
Механика дышит последними силами — не дай ей умереть!,Ремонт механики,Капитан
"Пока не поздно, механика барахлит, действуй, капитан!",Ремонт механики,Капитан
"Пока не поздно, нам нужна подвижность, чини механику, капитан!",Ремонт механики,Капитан
"Срочно, механика барахлит, действуй, охранник!",Ремонт механики,Охранник
"Охранник, немедленно, почини механизмы, срочно!",Ремонт механики,Охранник
"Охранник, механика барахлит, действуй!",Ремонт механики,Охранник
"Нам нужна подвижность, охранник, чини механику!",Ремонт механики,Охранник
"Механика в хламе — чини, охранник, пока не взорвалось!",Ремонт механики,Охранник
"Охранник, быстрее, механика заклинила, чини!",Ремонт механики,Охранник
"Охранник, немедленно, двигатель подвел, исправь!",Ремонт механики,Охранник
"Механика барахлит, охранник, действуй!",Ремонт механики,Охранник
"Охранник, быстрее, срочно ремонтируй механику!",Ремонт механики,Охранник
"Охранник, срочно, механика в хламе — чини, пока не взорвалось!",Ремонт механики,Охранник
"Двигатель подвел, исправь, охранник!",Ремонт механики,Охранник
"Охранник, почини механизмы, срочно!",Ремонт механики,Охранник
"Охранник, пока не поздно, механика заклинила, чини!",Ремонт механики,Охранник
"Пока не поздно, механика барахлит, действуй, охранник!",Ремонт механики,Охранник
"Давай живее, механика барахлит, действуй, охранник!",Ремонт механики,Охранник
"Немедленно, срочно ремонтируй механику, охранник!",Ремонт механики,Охранник
"Охранник, срочно, почини механизмы, срочно!",Ремонт механики,Охранник
"Быстрее, нам нужна подвижность, чини механику, охранник!",Ремонт механики,Охранник
"Охранник, осмотри двигатель, там трещит!",Ремонт механики,Охранник
"Срочно, охранник, двигатель подвел, исправь!",Ремонт механики,Охранник
"Быстрее, охранник, механика дышит последними силами — не дай ей умереть!",Ремонт механики,Охранник
"Пока не поздно, двигатель подвел, исправь, охранник!",Ремонт механики,Охранник
"Пока не поздно, охранник, механика заклинила, чини!",Ремонт механики,Охранник
"Давай живее, охранник, механика заклинила, чини!",Ремонт механики,Охранник
"Быстрее, охранник, механика барахлит, действуй!",Ремонт механики,Охранник
"Срочно, механика дышит последними силами — не дай ей умереть, охранник!",Ремонт механики,Охранник
"Охранник, всё гремит, почини механику!",Ремонт механики,Охранник
"Осмотри двигатель, охранник, там трещит!",Ремонт механики,Охранник
"Пока не поздно, охранник, замени шестерни, давай живее!",Ремонт механики,Охранник
"Охранник, пока не поздно, нам нужна подвижность, чини механику!",Ремонт механики,Охранник
"Охранник, быстрее, замени шестерни, давай живее!",Ремонт механики,Охранник
"Пока не поздно, механика дышит последними силами — не дай ей умереть, охранник!",Ремонт механики,Охранник
"Немедленно, механика заклинила, чини, охранник!",Ремонт механики,Охранник
"Пока не поздно, осмотри двигатель, там трещит, охранник!",Ремонт механики,Охранник
"Охранник, двигатель подвел, исправь!",Ремонт механики,Охранник
"Срочно, охранник, механика в хламе — чини, пока не взорвалось!",Ремонт механики,Охранник
"Быстрее, срочно ремонтируй механику, охранник!",Ремонт механики,Охранник
"Механика дышит последними силами — не дай ей умереть, охранник!",Ремонт механики,Охранник
"Давай живее, двигатель подвел, исправь, охранник!",Ремонт механики,Охранник
"Срочно ремонтируй механику, охранник!",Ремонт механики,Охранник
"Охранник, немедленно, механика заклинила, чини!",Ремонт механики,Охранник
"Давай живее, механика заклинила, чини, охранник!",Ремонт механики,Охранник
"Почини механизмы, срочно, охранник!",Ремонт механики,Охранник
Срочно ремонтируй механику!,Ремонт механики,Охранник
"Охранник, механика заклинила, чини!",Ремонт механики,Охранник
"Быстрее, осмотри двигатель, там трещит, охранник!",Ремонт механики,Охранник
"Срочно, двигатель подвел, исправь, охранник!",Ремонт механики,Охранник
"Срочно, охранник, механика дышит последними силами — не дай ей умереть!",Ремонт механики,Охранник
"Пока не поздно, охранник, осмотри двигатель, там трещит!",Ремонт механики,Охранник
"Пока не поздно, срочно ремонтируй механику, охранник!",Ремонт механики,Охранник
"Охранник, давай живее, механика дышит последними силами — не дай ей умереть!",Ремонт механики,Охранник
"Быстрее, всё гремит, почини механику, охранник!",Ремонт механики,Охранник
"Охранник, срочно, осмотри двигатель, там трещит!",Ремонт механики,Охранник
"Немедленно, двигатель подвел, исправь, охранник!",Ремонт механики,Охранник
"Давай живее, охранник, почини механизмы, срочно!",Ремонт механики,Охранник
"Быстрее, механика в хламе — чини, пока не взорвалось, охранник!",Ремонт механики,Охранник
"Срочно, охранник, почини механизмы, срочно!",Ремонт механики,Охранник
"Пока не поздно, охранник, почини механизмы, срочно!",Ремонт механики,Охранник
"Охранник, механика дышит последними силами — не дай ей умереть!",Ремонт механики,Охранник
"Охранник, немедленно, всё гремит, почини механику!",Ремонт механики,Охранник
"Немедленно, механика барахлит, действуй, охранник!",Ремонт механики,Охранник
"Охранник, срочно, двигатель подвел, исправь!",Ремонт механики,Охранник
"Пока не поздно, охранник, всё гремит, почини механику!",Ремонт механики,Охранник
"Охранник, срочно, срочно ремонтируй механику!",Ремонт механики,Охранник
"Давай живее, замени шестерни, давай живее, охранник!",Ремонт механики,Охранник
"Осмотри двигатель, там трещит, охранник!",Ремонт механики,Охранник
"Охранник, давай живее, замени шестерни, давай живее!",Ремонт механики,Охранник
"Охранник, срочно, механика дышит последними силами — не дай ей умереть!",Ремонт механики,Охранник
"Давай живее, осмотри двигатель, там трещит, охранник!",Ремонт механики,Охранник
"Охранник, быстрее, почини механизмы, срочно!",Ремонт механики,Охранник
"Немедленно, охранник, всё гремит, почини механику!",Ремонт механики,Охранник
"Охранник, нам нужна подвижность, чини механику!",Ремонт механики,Охранник
"Охранник, давай живее, механика барахлит, действуй!",Ремонт механики,Охранник
"Замени шестерни, давай живее, охранник!",Ремонт механики,Охранник
"Пока не поздно, почини механизмы, срочно, охранник!",Ремонт механики,Охранник
"Немедленно, нам нужна подвижность, чини механику, охранник!",Ремонт механики,Охранник
"Охранник, немедленно, механика в хламе — чини, пока не взорвалось!",Ремонт механики,Охранник
"Охранник, срочно ремонтируй механику!",Ремонт механики,Охранник
"Охранник, быстрее, всё гремит, почини механику!",Ремонт механики,Охранник
"Быстрее, охранник, срочно ремонтируй механику!",Ремонт механики,Охранник
"Нам нужна подвижность, чини механику, охранник!",Ремонт механики,Охранник
"Срочно, нам нужна подвижность, чини механику, охранник!",Ремонт механики,Охранник
"Охранник, немедленно, замени шестерни, давай живее!",Ремонт механики,Охранник
"Механика барахлит, действуй, охранник!",Ремонт механики,Охранник
"Немедленно, осмотри двигатель, там трещит, охранник!",Ремонт механики,Охранник
"Срочно, охранник, осмотри двигатель, там трещит!",Ремонт механики,Охранник
"Охранник, давай живее, двигатель подвел, исправь!",Ремонт механики,Охранник
"Срочно, охранник, замени шестерни, давай живее!",Ремонт механики,Охранник
"Быстрее, охранник, двигатель подвел, исправь!",Ремонт механики,Охранник
"Охранник, быстрее, осмотри двигатель, там трещит!",Ремонт механики,Охранник
"Пока не поздно, охранник, механика дышит последними силами — не дай ей умереть!",Ремонт механики,Охранник
"Охранник, пока не поздно, осмотри двигатель, там трещит!",Ремонт механики,Охранник
"Охранник, быстрее, механика дышит последними силами — не дай ей умереть!",Ремонт механики,Охранник
"Пока не поздно, механика заклинила, чини, охранник!",Ремонт механики,Охранник
"Пока не поздно, нам нужна подвижность, чини механику, охранник!",Ремонт механики,Охранник
"Немедленно, замени шестерни, давай живее, охранник!",Ремонт механики,Охранник
"Немедленно, охранник, нам нужна подвижность, чини механику!",Ремонт механики,Охранник
"Охранник, срочно, замени шестерни, давай живее!",Ремонт механики,Охранник
"Быстрее, замени шестерни, давай живее, охранник!",Ремонт механики,Охранник
"Давай живее, охранник, осмотри двигатель, там трещит!",Ремонт механики,Охранник
"Быстрее, механика заклинила, чини, медик!",Ремонт механики,Медик
"Медик, давай живее, срочно ремонтируй механику!",Ремонт механики,Медик
"Замени шестерни, медик, давай живее!",Ремонт механики,Медик
"Давай живее, медик, двигатель подвел, исправь!",Ремонт механики,Медик
"Двигатель подвел, исправь, медик!",Ремонт механики,Медик
"Быстрее, срочно ремонтируй механику, медик!",Ремонт механики,Медик
"Быстрее, медик, нам нужна подвижность, чини механику!",Ремонт механики,Медик
"Всё гремит, медик, почини механику!",Ремонт механики,Медик
"Пока не поздно, замени шестерни, давай живее, медик!",Ремонт механики,Медик
"Срочно, двигатель подвел, исправь, медик!",Ремонт механики,Медик
"Медик, быстрее, срочно ремонтируй механику!",Ремонт механики,Медик
"Немедленно, механика заклинила, чини, медик!",Ремонт механики,Медик
"Механика барахлит, медик, действуй!",Ремонт механики,Медик
"Механика заклинила, медик, чини!",Ремонт механики,Медик
"Давай живее, механика барахлит, действуй, медик!",Ремонт механики,Медик
"Немедленно, осмотри двигатель, там трещит, медик!",Ремонт механики,Медик
"Всё гремит, почини механику, медик!",Ремонт механики,Медик
"Механика заклинила, чини, медик!",Ремонт механики,Медик
"Почини механизмы, срочно, медик!",Ремонт механики,Медик
"Немедленно, почини механизмы, срочно, медик!",Ремонт механики,Медик
"Срочно, медик, механика заклинила, чини!",Ремонт механики,Медик
"Давай живее, медик, осмотри двигатель, там трещит!",Ремонт механики,Медик
"Медик, почини механизмы, срочно!",Ремонт механики,Медик
"Немедленно, медик, нам нужна подвижность, чини механику!",Ремонт механики,Медик
"Быстрее, почини механизмы, срочно, медик!",Ремонт механики,Медик
"Медик, срочно, механика заклинила, чини!",Ремонт механики,Медик
"Замени шестерни, давай живее, медик!",Ремонт механики,Медик
"Медик, осмотри двигатель, там трещит!",Ремонт механики,Медик
"Медик, пока не поздно, срочно ремонтируй механику!",Ремонт механики,Медик
"Немедленно, нам нужна подвижность, чини механику, медик!",Ремонт механики,Медик
"Пока не поздно, срочно ремонтируй механику, медик!",Ремонт механики,Медик
"Давай живее, всё гремит, почини механику, медик!",Ремонт механики,Медик
"Немедленно, медик, почини механизмы, срочно!",Ремонт механики,Медик
"Срочно, медик, механика барахлит, действуй!",Ремонт механики,Медик
"Пока не поздно, механика дышит последними силами — не дай ей умереть, медик!",Ремонт механики,Медик
"Медик, быстрее, механика заклинила, чини!",Ремонт механики,Медик
"Немедленно, срочно ремонтируй механику, медик!",Ремонт механики,Медик
"Давай живее, медик, нам нужна подвижность, чини механику!",Ремонт механики,Медик
"Немедленно, медик, замени шестерни, давай живее!",Ремонт механики,Медик
"Медик, всё гремит, почини механику!",Ремонт механики,Медик
"Медик, немедленно, осмотри двигатель, там трещит!",Ремонт механики,Медик
"Механика барахлит, действуй, медик!",Ремонт механики,Медик
"Медик, давай живее, механика барахлит, действуй!",Ремонт механики,Медик
"Срочно, механика заклинила, чини, медик!",Ремонт механики,Медик
"Быстрее, нам нужна подвижность, чини механику, медик!",Ремонт механики,Медик
"Нам нужна подвижность, чини механику, медик!",Ремонт механики,Медик
"Давай живее, механика заклинила, чини, медик!",Ремонт механики,Медик
"Медик, давай живее, почини механизмы, срочно!",Ремонт механики,Медик
"Медик, механика барахлит, действуй!",Ремонт механики,Медик
"Срочно, медик, механика в хламе — чини, пока не взорвалось!",Ремонт механики,Медик
"Давай живее, осмотри двигатель, там трещит, медик!",Ремонт механики,Медик
"Медик, срочно, механика барахлит, действуй!",Ремонт механики,Медик
"Медик, срочно, механика дышит последними силами — не дай ей умереть!",Ремонт механики,Медик
"Срочно, замени шестерни, давай живее, медик!",Ремонт механики,Медик
"Немедленно, двигатель подвел, исправь, медик!",Ремонт механики,Медик
"Медик, давай живее, замени шестерни, давай живее!",Ремонт механики,Медик
"Осмотри двигатель, медик, там трещит!",Ремонт механики,Медик
"Медик, быстрее, почини механизмы, срочно!",Ремонт механики,Медик
"Немедленно, медик, механика в хламе — чини, пока не взорвалось!",Ремонт механики,Медик
"Срочно, медик, механика дышит последними силами — не дай ей умереть!",Ремонт механики,Медик
"Медик, быстрее, двигатель подвел, исправь!",Ремонт механики,Медик
"Медик, немедленно, механика барахлит, действуй!",Ремонт механики,Медик
"Почини механизмы, медик, срочно!",Ремонт механики,Медик
"Медик, срочно ремонтируй механику!",Ремонт механики,Медик
"Немедленно, замени шестерни, давай живее, медик!",Ремонт механики,Медик
"Быстрее, механика дышит последними силами — не дай ей умереть, медик!",Ремонт механики,Медик
"Немедленно, медик, всё гремит, почини механику!",Ремонт механики,Медик
"Нам нужна подвижность, медик, чини механику!",Ремонт механики,Медик
"Медик, пока не поздно, механика дышит последними силами — не дай ей умереть!",Ремонт механики,Медик
"Срочно ремонтируй механику, медик!",Ремонт механики,Медик
"Давай живее, медик, механика в хламе — чини, пока не взорвалось!",Ремонт механики,Медик
"Пока не поздно, медик, механика в хламе — чини, пока не взорвалось!",Ремонт механики,Медик
"Осмотри двигатель, там трещит, медик!",Ремонт механики,Медик
"Медик, давай живее, механика в хламе — чини, пока не взорвалось!",Ремонт механики,Медик
"Давай живее, медик, замени шестерни, давай живее!",Ремонт механики,Медик
"Давай живее, нам нужна подвижность, чини механику, медик!",Ремонт механики,Медик
"Медик, двигатель подвел, исправь!",Ремонт механики,Медик
"Медик, немедленно, всё гремит, почини механику!",Ремонт механики,Медик
"Медик, пока не поздно, нам нужна подвижность, чини механику!",Ремонт механики,Медик
"Медик, давай живее, механика заклинила, чини!",Ремонт механики,Медик
"Медик, механика дышит последними силами — не дай ей умереть!",Ремонт механики,Медик
"Давай живее, срочно ремонтируй механику, медик!",Ремонт механики,Медик
"Быстрее, медик, всё гремит, почини механику!",Ремонт механики,Медик
"Медик, пока не поздно, механика заклинила, чини!",Ремонт механики,Медик
"Двигатель подвел, медик, исправь!",Ремонт механики,Медик
"Давай живее, медик, срочно ремонтируй механику!",Ремонт механики,Медик
"Быстрее, медик, механика барахлит, действуй!",Ремонт механики,Медик
"Медик, механика заклинила, чини!",Ремонт механики,Медик
"Быстрее, медик, замени шестерни, давай живее!",Ремонт механики,Медик
"Немедленно, механика барахлит, действуй, медик!",Ремонт механики,Медик
"Медик, срочно, осмотри двигатель, там трещит!",Ремонт механики,Медик
"Медик, быстрее, механика барахлит, действуй!",Ремонт механики,Медик
"Пока не поздно, всё гремит, почини механику, медик!",Ремонт механики,Медик
"Быстрее, механика в хламе — чини, пока не взорвалось, медик!",Ремонт механики,Медик
"Давай живее, медик, механика барахлит, действуй!",Ремонт механики,Медик
"Немедленно, медик, механика дышит последними силами — не дай ей умереть!",Ремонт механики,Медик
"Срочно, осмотри двигатель, там трещит, медик!",Ремонт механики,Медик
"Быстрее, медик, механика заклинила, чини!",Ремонт механики,Медик
"Медик, срочно, нам нужна подвижность, чини механику!",Ремонт механики,Медик
"Срочно, почини механизмы, срочно, медик!",Ремонт механики,Медик
"Срочно, осмотри двигатель, там трещит, инженер!",Ремонт механики,Инженер
"Срочно, срочно ремонтируй механику, инженер!",Ремонт механики,Инженер
"Механика дышит последними силами — не дай ей умереть, инженер!",Ремонт механики,Инженер
"Двигатель подвел, исправь, инженер!",Ремонт механики,Инженер
"Инженер, немедленно, срочно ремонтируй механику!",Ремонт механики,Инженер
"Немедленно, инженер, двигатель подвел, исправь!",Ремонт механики,Инженер
"Всё гремит, почини механику, инженер!",Ремонт механики,Инженер
"Давай живее, инженер, механика заклинила, чини!",Ремонт механики,Инженер
"Быстрее, механика заклинила, чини, инженер!",Ремонт механики,Инженер
"Инженер, нам нужна подвижность, чини механику!",Ремонт механики,Инженер
"Инженер, срочно, нам нужна подвижность, чини механику!",Ремонт механики,Инженер
"Нам нужна подвижность, чини механику, инженер!",Ремонт механики,Инженер
"Инженер, пока не поздно, срочно ремонтируй механику!",Ремонт механики,Инженер
"Осмотри двигатель, там трещит, инженер!",Ремонт механики,Инженер
"Пока не поздно, механика барахлит, действуй, инженер!",Ремонт механики,Инженер
"Давай живее, инженер, осмотри двигатель, там трещит!",Ремонт механики,Инженер
"Срочно, инженер, механика дышит последними силами — не дай ей умереть!",Ремонт механики,Инженер
"Давай живее, инженер, срочно ремонтируй механику!",Ремонт механики,Инженер
"Инженер, срочно, срочно ремонтируй механику!",Ремонт механики,Инженер
"Почини механизмы, инженер, срочно!",Ремонт механики,Инженер
"Быстрее, инженер, почини механизмы, срочно!",Ремонт механики,Инженер
"Инженер, двигатель подвел, исправь!",Ремонт механики,Инженер
"Двигатель подвел, инженер, исправь!",Ремонт механики,Инженер
"Быстрее, инженер, двигатель подвел, исправь!",Ремонт механики,Инженер
"Давай живее, инженер, нам нужна подвижность, чини механику!",Ремонт механики,Инженер
"Инженер, быстрее, механика в хламе — чини, пока не взорвалось!",Ремонт механики,Инженер
"Быстрее, инженер, нам нужна подвижность, чини механику!",Ремонт механики,Инженер
"Немедленно, срочно ремонтируй механику, инженер!",Ремонт механики,Инженер
"Давай живее, инженер, всё гремит, почини механику!",Ремонт механики,Инженер
"Замени шестерни, инженер, давай живее!",Ремонт механики,Инженер
"Инженер, давай живее, механика дышит последними силами — не дай ей умереть!",Ремонт механики,Инженер
"Срочно, почини механизмы, срочно, инженер!",Ремонт механики,Инженер
"Инженер, немедленно, всё гремит, почини механику!",Ремонт механики,Инженер
"Инженер, механика заклинила, чини!",Ремонт механики,Инженер
"Давай живее, инженер, механика барахлит, действуй!",Ремонт механики,Инженер
"Инженер, всё гремит, почини механику!",Ремонт механики,Инженер
"Инженер, срочно, механика дышит последними силами — не дай ей умереть!",Ремонт механики,Инженер
"Пока не поздно, осмотри двигатель, там трещит, инженер!",Ремонт механики,Инженер
"Инженер, почини механизмы, срочно!",Ремонт механики,Инженер
"Пока не поздно, инженер, замени шестерни, давай живее!",Ремонт механики,Инженер
"Немедленно, инженер, осмотри двигатель, там трещит!",Ремонт механики,Инженер
"Инженер, осмотри двигатель, там трещит!",Ремонт механики,Инженер
"Инженер, механика барахлит, действуй!",Ремонт механики,Инженер
"Инженер, немедленно, механика дышит последними силами — не дай ей умереть!",Ремонт механики,Инженер
"Быстрее, механика дышит последними силами — не дай ей умереть, инженер!",Ремонт механики,Инженер
"Инженер, механика в хламе — чини, пока не взорвалось!",Ремонт механики,Инженер
"Срочно, замени шестерни, давай живее, инженер!",Ремонт механики,Инженер
"Механика в хламе — чини, инженер, пока не взорвалось!",Ремонт механики,Инженер
"Инженер, пока не поздно, механика барахлит, действуй!",Ремонт механики,Инженер
"Механика заклинила, чини, инженер!",Ремонт механики,Инженер
"Срочно, двигатель подвел, исправь, инженер!",Ремонт механики,Инженер
"Немедленно, инженер, нам нужна подвижность, чини механику!",Ремонт механики,Инженер
"Пока не поздно, механика в хламе — чини, пока не взорвалось, инженер!",Ремонт механики,Инженер
"Быстрее, срочно ремонтируй механику, инженер!",Ремонт механики,Инженер
"Давай живее, нам нужна подвижность, чини механику, инженер!",Ремонт механики,Инженер
"Срочно, инженер, двигатель подвел, исправь!",Ремонт механики,Инженер
"Срочно, инженер, механика заклинила, чини!",Ремонт механики,Инженер
"Немедленно, инженер, механика барахлит, действуй!",Ремонт механики,Инженер
"Механика барахлит, действуй, инженер!",Ремонт механики,Инженер
"Быстрее, почини механизмы, срочно, инженер!",Ремонт механики,Инженер
"Быстрее, двигатель подвел, исправь, инженер!",Ремонт механики,Инженер
"Срочно, всё гремит, почини механику, инженер!",Ремонт механики,Инженер
"Немедленно, механика заклинила, чини, инженер!",Ремонт механики,Инженер
"Механика заклинила, инженер, чини!",Ремонт механики,Инженер
"Инженер, замени шестерни, давай живее!",Ремонт механики,Инженер
"Давай живее, замени шестерни, давай живее, инженер!",Ремонт механики,Инженер
"Срочно, инженер, осмотри двигатель, там трещит!",Ремонт механики,Инженер
"Быстрее, инженер, механика дышит последними силами — не дай ей умереть!",Ремонт механики,Инженер
"Всё гремит, инженер, почини механику!",Ремонт механики,Инженер
"Давай живее, инженер, двигатель подвел, исправь!",Ремонт механики,Инженер
"Пока не поздно, срочно ремонтируй механику, инженер!",Ремонт механики,Инженер
"Инженер, пока не поздно, механика заклинила, чини!",Ремонт механики,Инженер
"Инженер, давай живее, почини механизмы, срочно!",Ремонт механики,Инженер
"Инженер, немедленно, механика барахлит, действуй!",Ремонт механики,Инженер
"Инженер, давай живее, осмотри двигатель, там трещит!",Ремонт механики,Инженер
"Немедленно, осмотри двигатель, там трещит, инженер!",Ремонт механики,Инженер
"Инженер, быстрее, механика барахлит, действуй!",Ремонт механики,Инженер
"Инженер, срочно ремонтируй механику!",Ремонт механики,Инженер
"Срочно, механика дышит последними силами — не дай ей умереть, инженер!",Ремонт механики,Инженер
"Замени шестерни, давай живее, инженер!",Ремонт механики,Инженер
"Инженер, давай живее, механика барахлит, действуй!",Ремонт механики,Инженер
"Давай живее, механика дышит последними силами — не дай ей умереть, инженер!",Ремонт механики,Инженер
"Инженер, срочно, замени шестерни, давай живее!",Ремонт механики,Инженер
"Механика в хламе — чини, пока не взорвалось, инженер!",Ремонт механики,Инженер
"Быстрее, осмотри двигатель, там трещит, инженер!",Ремонт механики,Инженер
"Инженер, пока не поздно, механика в хламе — чини, пока не взорвалось!",Ремонт механики,Инженер
"Инженер, срочно, механика барахлит, действуй!",Ремонт механики,Инженер
"Немедленно, механика дышит последними силами — не дай ей умереть, инженер!",Ремонт механики,Инженер
"Пока не поздно, инженер, почини механизмы, срочно!",Ремонт механики,Инженер
"Почини механизмы, срочно, инженер!",Ремонт механики,Инженер
"Пока не поздно, замени шестерни, давай живее, инженер!",Ремонт механики,Инженер
"Инженер, давай живее, двигатель подвел, исправь!",Ремонт механики,Инженер
"Быстрее, инженер, замени шестерни, давай живее!",Ремонт механики,Инженер
"Инженер, немедленно, механика заклинила, чини!",Ремонт механики,Инженер
"Инженер, немедленно, осмотри двигатель, там трещит!",Ремонт механики,Инженер
"Пока не поздно, нам нужна подвижность, чини механику, инженер!",Ремонт механики,Инженер
"Инженер, давай живее, механика заклинила, чини!",Ремонт механики,Инженер
"Немедленно, всё гремит, почини механику, инженер!",Ремонт механики,Инженер
"Инженер, давай живее, механика в хламе — чини, пока не взорвалось!",Ремонт механики,Инженер
"Инженер, быстрее, всё гремит, почини механику!",Ремонт механики,Инженер
"Немедленно, механик, нам нужна подвижность, чини механику!",Ремонт механики,Механик
"Механик, нам нужна подвижность, чини механику!",Ремонт механики,Механик
"Срочно, механик, всё гремит, почини механику!",Ремонт механики,Механик
"Немедленно, механик, механика дышит последними силами — не дай ей умереть!",Ремонт механики,Механик
"Механик, давай живее, срочно ремонтируй механику!",Ремонт механики,Механик
"Давай живее, замени шестерни, давай живее, механик!",Ремонт механики,Механик
"Быстрее, механик, механика заклинила, чини!",Ремонт механики,Механик
"Почини механизмы, срочно, механик!",Ремонт механики,Механик
"Механик, давай живее, механика дышит последними силами — не дай ей умереть!",Ремонт механики,Механик
"Немедленно, механик, замени шестерни, давай живее!",Ремонт механики,Механик
"Пока не поздно, механика заклинила, чини, механик!",Ремонт механики,Механик
"Давай живее, механик, механика в хламе — чини, пока не взорвалось!",Ремонт механики,Механик
"Механик, срочно, механика дышит последними силами — не дай ей умереть!",Ремонт механики,Механик
"Давай живее, механик, срочно ремонтируй механику!",Ремонт механики,Механик
"Механик, давай живее, механика заклинила, чини!",Ремонт механики,Механик
"Механик, замени шестерни, давай живее!",Ремонт механики,Механик
"Замени шестерни, давай живее, механик!",Ремонт механики,Механик
"Осмотри двигатель, механик, там трещит!",Ремонт механики,Механик
"Двигатель подвел, механик, исправь!",Ремонт механики,Механик
"Срочно ремонтируй механику, механик!",Ремонт механики,Механик
"Механик, немедленно, срочно ремонтируй механику!",Ремонт механики,Механик
"Пока не поздно, почини механизмы, срочно, механик!",Ремонт механики,Механик
"Срочно, двигатель подвел, исправь, механик!",Ремонт механики,Механик
"Механика заклинила, механик, чини!",Ремонт механики,Механик
"Механик, немедленно, механика в хламе — чини, пока не взорвалось!",Ремонт механики,Механик
"Срочно, механик, срочно ремонтируй механику!",Ремонт механики,Механик
"Всё гремит, почини механику, механик!",Ремонт механики,Механик
"Механик, пока не поздно, осмотри двигатель, там трещит!",Ремонт механики,Механик
"Быстрее, двигатель подвел, исправь, механик!",Ремонт механики,Механик
"Немедленно, механика барахлит, действуй, механик!",Ремонт механики,Механик
"Механик, срочно, замени шестерни, давай живее!",Ремонт механики,Механик
"Пока не поздно, механик, почини механизмы, срочно!",Ремонт механики,Механик
"Давай живее, механика барахлит, действуй, механик!",Ремонт механики,Механик
"Механик, давай живее, замени шестерни, давай живее!",Ремонт механики,Механик
"Механик, немедленно, механика барахлит, действуй!",Ремонт механики,Механик
"Механик, механика в хламе — чини, пока не взорвалось!",Ремонт механики,Механик
"Механик, немедленно, осмотри двигатель, там трещит!",Ремонт механики,Механик
"Быстрее, механик, механика дышит последними силами — не дай ей умереть!",Ремонт механики,Механик
"Механик, давай живее, механика в хламе — чини, пока не взорвалось!",Ремонт механики,Механик
"Почини механизмы, механик, срочно!",Ремонт механики,Механик
"Немедленно, механик, механика в хламе — чини, пока не взорвалось!",Ремонт механики,Механик
"Механик, пока не поздно, двигатель подвел, исправь!",Ремонт механики,Механик
"Быстрее, срочно ремонтируй механику, механик!",Ремонт механики,Механик
"Механика в хламе — чини, механик, пока не взорвалось!",Ремонт механики,Механик
"Механик, быстрее, нам нужна подвижность, чини механику!",Ремонт механики,Механик
"Срочно, механика заклинила, чини, механик!",Ремонт механики,Механик
"Механик, давай живее, осмотри двигатель, там трещит!",Ремонт механики,Механик
"Быстрее, механик, всё гремит, почини механику!",Ремонт механики,Механик
"Механика заклинила, чини, механик!",Ремонт механики,Механик
"Механик, быстрее, механика заклинила, чини!",Ремонт механики,Механик
"Осмотри двигатель, там трещит, механик!",Ремонт механики,Механик
"Механик, немедленно, замени шестерни, давай живее!",Ремонт механики,Механик
"Давай живее, осмотри двигатель, там трещит, механик!",Ремонт механики,Механик
"Срочно, механик, механика заклинила, чини!",Ремонт механики,Механик
"Пока не поздно, механика в хламе — чини, пока не взорвалось, механик!",Ремонт механики,Механик
"Пока не поздно, осмотри двигатель, там трещит, механик!",Ремонт механики,Механик
"Механик, немедленно, почини механизмы, срочно!",Ремонт механики,Механик
"Пока не поздно, механика дышит последними силами — не дай ей умереть, механик!",Ремонт механики,Механик
"Механик, механика барахлит, действуй!",Ремонт механики,Механик
"Быстрее, механик, почини механизмы, срочно!",Ремонт механики,Механик
"Быстрее, механика заклинила, чини, механик!",Ремонт механики,Механик
"Давай живее, нам нужна подвижность, чини механику, механик!",Ремонт механики,Механик
"Механика барахлит, механик, действуй!",Ремонт механики,Механик
"Механик, пока не поздно, всё гремит, почини механику!",Ремонт механики,Механик
"Механик, пока не поздно, механика дышит последними силами — не дай ей умереть!",Ремонт механики,Механик
"Быстрее, замени шестерни, давай живее, механик!",Ремонт механики,Механик
"Механик, срочно, двигатель подвел, исправь!",Ремонт механики,Механик
"Пока не поздно, механик, всё гремит, почини механику!",Ремонт механики,Механик
"Механик, давай живее, двигатель подвел, исправь!",Ремонт механики,Механик
"Пока не поздно, механик, механика заклинила, чини!",Ремонт механики,Механик
"Немедленно, механик, механика заклинила, чини!",Ремонт механики,Механик
"Двигатель подвел, исправь, механик!",Ремонт механики,Механик
"Механик, давай живее, всё гремит, почини механику!",Ремонт механики,Механик
"Пока не поздно, срочно ремонтируй механику, механик!",Ремонт механики,Механик
"Механик, механика заклинила, чини!",Ремонт механики,Механик
"Немедленно, двигатель подвел, исправь, механик!",Ремонт механики,Механик
"Механик, всё гремит, почини механику!",Ремонт механики,Механик
"Механик, срочно, нам нужна подвижность, чини механику!",Ремонт механики,Механик
"Всё гремит, механик, почини механику!",Ремонт механики,Механик
"Механик, механика дышит последними силами — не дай ей умереть!",Ремонт механики,Механик
"Пока не поздно, замени шестерни, давай живее, механик!",Ремонт механики,Механик
"Давай живее, механика дышит последними силами — не дай ей умереть, механик!",Ремонт механики,Механик
"Давай живее, двигатель подвел, исправь, механик!",Ремонт механики,Механик
"Срочно, механик, механика в хламе — чини, пока не взорвалось!",Ремонт механики,Механик
"Нам нужна подвижность, механик, чини механику!",Ремонт механики,Механик
"Срочно, всё гремит, почини механику, механик!",Ремонт механики,Механик
"Давай живее, механик, механика дышит последними силами — не дай ей умереть!",Ремонт механики,Механик
"Механик, осмотри двигатель, там трещит!",Ремонт механики,Механик
"Срочно, механик, замени шестерни, давай живее!",Ремонт механики,Механик
"Быстрее, механика дышит последними силами — не дай ей умереть, механик!",Ремонт механики,Механик
"Нам нужна подвижность, чини механику, механик!",Ремонт механики,Механик
"Быстрее, механик, нам нужна подвижность, чини механику!",Ремонт механики,Механик
"Давай живее, механика заклинила, чини, механик!",Ремонт механики,Механик
"Быстрее, всё гремит, почини механику, механик!",Ремонт механики,Механик
"Механик, быстрее, срочно ремонтируй механику!",Ремонт механики,Механик
"Быстрее, почини механизмы, срочно, механик!",Ремонт механики,Механик
"Быстрее, механик, замени шестерни, давай живее!",Ремонт механики,Механик
"Механик, срочно ремонтируй механику!",Ремонт механики,Механик
"Пока не поздно, механик, срочно ремонтируй механику!",Ремонт механики,Механик
"Пока не поздно, механик, механика дышит последними силами — не дай ей умереть!",Ремонт механики,Механик
"Помощник, давай живее, механика барахлит, действуй!",Ремонт механики,Помощник
"Механика дышит последними силами — не дай ей умереть, помощник!",Ремонт механики,Помощник
"Помощник, немедленно, осмотри двигатель, там трещит!",Ремонт механики,Помощник
"Срочно, механика дышит последними силами — не дай ей умереть, помощник!",Ремонт механики,Помощник
"Механика заклинила, помощник, чини!",Ремонт механики,Помощник
"Давай живее, двигатель подвел, исправь, помощник!",Ремонт механики,Помощник
"Нам нужна подвижность, чини механику, помощник!",Ремонт механики,Помощник
"Замени шестерни, помощник, давай живее!",Ремонт механики,Помощник
"Давай живее, помощник, всё гремит, почини механику!",Ремонт механики,Помощник
"Давай живее, помощник, механика заклинила, чини!",Ремонт механики,Помощник
"Помощник, давай живее, осмотри двигатель, там трещит!",Ремонт механики,Помощник
"Помощник, пока не поздно, замени шестерни, давай живее!",Ремонт механики,Помощник
"Пока не поздно, помощник, механика барахлит, действуй!",Ремонт механики,Помощник
"Немедленно, всё гремит, почини механику, помощник!",Ремонт механики,Помощник
"Механика в хламе — чини, пока не взорвалось, помощник!",Ремонт механики,Помощник
"Помощник, нам нужна подвижность, чини механику!",Ремонт механики,Помощник
"Срочно, замени шестерни, давай живее, помощник!",Ремонт механики,Помощник
"Помощник, почини механизмы, срочно!",Ремонт механики,Помощник
"Помощник, осмотри двигатель, там трещит!",Ремонт механики,Помощник
"Помощник, немедленно, механика барахлит, действуй!",Ремонт механики,Помощник
"Помощник, быстрее, срочно ремонтируй механику!",Ремонт механики,Помощник
"Срочно, механика в хламе — чини, пока не взорвалось, помощник!",Ремонт механики,Помощник
"Всё гремит, почини механику, помощник!",Ремонт механики,Помощник
"Немедленно, помощник, механика барахлит, действуй!",Ремонт механики,Помощник
"Помощник, замени шестерни, давай живее!",Ремонт механики,Помощник
"Срочно, осмотри двигатель, там трещит, помощник!",Ремонт механики,Помощник
"Пока не поздно, механика в хламе — чини, пока не взорвалось, помощник!",Ремонт механики,Помощник
"Быстрее, срочно ремонтируй механику, помощник!",Ремонт механики,Помощник
"Помощник, срочно, двигатель подвел, исправь!",Ремонт механики,Помощник
"Помощник, быстрее, нам нужна подвижность, чини механику!",Ремонт механики,Помощник
"Помощник, быстрее, всё гремит, почини механику!",Ремонт механики,Помощник
"Помощник, быстрее, почини механизмы, срочно!",Ремонт механики,Помощник
"Быстрее, помощник, двигатель подвел, исправь!",Ремонт механики,Помощник
"Помощник, механика барахлит, действуй!",Ремонт механики,Помощник
"Механика барахлит, помощник, действуй!",Ремонт механики,Помощник
"Пока не поздно, нам нужна подвижность, чини механику, помощник!",Ремонт механики,Помощник
"Осмотри двигатель, помощник, там трещит!",Ремонт механики,Помощник
"Давай живее, всё гремит, почини механику, помощник!",Ремонт механики,Помощник
"Давай живее, помощник, нам нужна подвижность, чини механику!",Ремонт механики,Помощник
"Быстрее, механика в хламе — чини, пока не взорвалось, помощник!",Ремонт механики,Помощник
"Нам нужна подвижность, помощник, чини механику!",Ремонт механики,Помощник
"Немедленно, помощник, механика дышит последними силами — не дай ей умереть!",Ремонт механики,Помощник
"Помощник, немедленно, механика в хламе — чини, пока не взорвалось!",Ремонт механики,Помощник
"Срочно, почини механизмы, срочно, помощник!",Ремонт механики,Помощник
"Помощник, срочно, механика заклинила, чини!",Ремонт механики,Помощник
"Помощник, пока не поздно, механика заклинила, чини!",Ремонт механики,Помощник
"Помощник, быстрее, механика дышит последними силами — не дай ей умереть!",Ремонт механики,Помощник
"Помощник, пока не поздно, механика барахлит, действуй!",Ремонт механики,Помощник
"Помощник, всё гремит, почини механику!",Ремонт механики,Помощник
"Пока не поздно, всё гремит, почини механику, помощник!",Ремонт механики,Помощник
"Помощник, быстрее, механика заклинила, чини!",Ремонт механики,Помощник
"Помощник, срочно ремонтируй механику!",Ремонт механики,Помощник
"Помощник, механика дышит последними силами — не дай ей умереть!",Ремонт механики,Помощник
"Помощник, быстрее, механика барахлит, действуй!",Ремонт механики,Помощник
"Помощник, пока не поздно, всё гремит, почини механику!",Ремонт механики,Помощник
"Быстрее, двигатель подвел, исправь, помощник!",Ремонт механики,Помощник
"Помощник, быстрее, механика в хламе — чини, пока не взорвалось!",Ремонт механики,Помощник
"Немедленно, помощник, нам нужна подвижность, чини механику!",Ремонт механики,Помощник
"Помощник, срочно, нам нужна подвижность, чини механику!",Ремонт механики,Помощник
"Давай живее, помощник, механика дышит последними силами — не дай ей умереть!",Ремонт механики,Помощник
"Быстрее, помощник, всё гремит, почини механику!",Ремонт механики,Помощник
"Давай живее, помощник, двигатель подвел, исправь!",Ремонт механики,Помощник
"Срочно, помощник, осмотри двигатель, там трещит!",Ремонт механики,Помощник
"Быстрее, замени шестерни, давай живее, помощник!",Ремонт механики,Помощник
"Немедленно, помощник, механика заклинила, чини!",Ремонт механики,Помощник
"Помощник, быстрее, замени шестерни, давай живее!",Ремонт механики,Помощник
"Пока не поздно, почини механизмы, срочно, помощник!",Ремонт механики,Помощник
"Помощник, пока не поздно, механика в хламе — чини, пока не взорвалось!",Ремонт механики,Помощник
"Давай живее, механика дышит последними силами — не дай ей умереть, помощник!",Ремонт механики,Помощник
"Срочно, помощник, срочно ремонтируй механику!",Ремонт механики,Помощник
"Срочно, помощник, механика барахлит, действуй!",Ремонт механики,Помощник
"Пока не поздно, помощник, срочно ремонтируй механику!",Ремонт механики,Помощник
"Пока не поздно, помощник, осмотри двигатель, там трещит!",Ремонт механики,Помощник
"Срочно, помощник, нам нужна подвижность, чини механику!",Ремонт механики,Помощник
"Срочно, всё гремит, почини механику, помощник!",Ремонт механики,Помощник
"Немедленно, помощник, замени шестерни, давай живее!",Ремонт механики,Помощник
"Немедленно, осмотри двигатель, там трещит, помощник!",Ремонт механики,Помощник
"Механика в хламе — чини, помощник, пока не взорвалось!",Ремонт механики,Помощник
"Давай живее, помощник, почини механизмы, срочно!",Ремонт механики,Помощник
"Пока не поздно, механика барахлит, действуй, помощник!",Ремонт механики,Помощник
"Немедленно, замени шестерни, давай живее, помощник!",Ремонт механики,Помощник
"Помощник, механика заклинила, чини!",Ремонт механики,Помощник
"Быстрее, помощник, осмотри двигатель, там трещит!",Ремонт механики,Помощник
"Давай живее, помощник, механика барахлит, действуй!",Ремонт механики,Помощник
"Быстрее, механика заклинила, чини, помощник!",Ремонт механики,Помощник
"Двигатель подвел, помощник, исправь!",Ремонт механики,Помощник
"Почини механизмы, помощник, срочно!",Ремонт механики,Помощник
"Помощник, срочно, механика дышит последними силами — не дай ей умереть!",Ремонт механики,Помощник
"Немедленно, помощник, почини механизмы, срочно!",Ремонт механики,Помощник
"Помощник, пока не поздно, почини механизмы, срочно!",Ремонт механики,Помощник
"Помощник, давай живее, механика в хламе — чини, пока не взорвалось!",Ремонт механики,Помощник
"Срочно, помощник, двигатель подвел, исправь!",Ремонт механики,Помощник
"Давай живее, механика барахлит, действуй, помощник!",Ремонт механики,Помощник
"Срочно, нам нужна подвижность, чини механику, помощник!",Ремонт механики,Помощник
"Механика заклинила, чини, помощник!",Ремонт механики,Помощник
"Пока не поздно, замени шестерни, давай живее, помощник!",Ремонт механики,Помощник
"Быстрее, помощник, почини механизмы, срочно!",Ремонт механики,Помощник
"Срочно ремонтируй механику, помощник!",Ремонт механики,Помощник
"Давай живее, нам нужна подвижность, чини механику, помощник!",Ремонт механики,Помощник
"Помощник, срочно, почини механизмы, срочно!",Ремонт механики,Помощник
"Команда, действуйте, пока не поздно, механика в хламе — чини, пока не взорвалось!",Ремонт механики,all
"Экипаж, срочно, срочно ремонтируй механику!",Ремонт механики,all
"Экипаж, чёрт, нам нужна подвижность, чини механику!",Ремонт механики,all
"Народ, срочно, немедленно, почини механизмы, срочно!",Ремонт механики,all
"Всех по местам, быстрее, нам нужна подвижность, чини механику!",Ремонт механики,all
"Команда, действуйте, немедленно, почини механизмы, срочно!",Ремонт механики,all
"Экипаж, бегом, нам нужна подвижность, чини механику!",Ремонт механики,all
"Команда, действуйте, пока не поздно, осмотри двигатель, там трещит!",Ремонт механики,all
"Команда, живее, быстрее, всё гремит, почини механику!",Ремонт механики,all
"Команда, действуйте, двигатель подвел, исправь!",Ремонт механики,all
"Команда, действуйте, замени шестерни, давай живее!",Ремонт механики,all
"Все, давайте, быстрее, механика дышит последними силами — не дай ей умереть!",Ремонт механики,all
"Всем внимание, срочно, осмотри двигатель, там трещит!",Ремонт механики,all
"Команда, действуйте, быстрее, осмотри двигатель, там трещит!",Ремонт механики,all
"Экипаж, чёрт, давай живее, срочно ремонтируй механику!",Ремонт механики,all
"Всем внимание, быстрее, механика в хламе — чини, пока не взорвалось!",Ремонт механики,all
"Команда, срочно, давай живее, нам нужна подвижность, чини механику!",Ремонт механики,all
"Слушайте все, двигатель подвел, исправь!",Ремонт механики,all
"Слушайте все, немедленно, всё гремит, почини механику!",Ремонт механики,all
"Всем, немедленно, пока не поздно, механика барахлит, действуй!",Ремонт механики,all
"Ребята, быстро, немедленно, осмотри двигатель, там трещит!",Ремонт механики,all
"Все, давайте, механика барахлит, действуй!",Ремонт механики,all
"Команда, действуйте, механика дышит последними силами — не дай ей умереть!",Ремонт механики,all
"Ребята, быстро, замени шестерни, давай живее!",Ремонт механики,all
"Всех по местам, немедленно, механика барахлит, действуй!",Ремонт механики,all
"Всех по местам, механика заклинила, чини!",Ремонт механики,all
"Всех по местам, осмотри двигатель, там трещит!",Ремонт механики,all
"Всем, немедленно, срочно, механика дышит последними силами — не дай ей умереть!",Ремонт механики,all
"Экипаж, чёрт, быстрее, всё гремит, почини механику!",Ремонт механики,all
"Все, давайте, быстрее, срочно ремонтируй механику!",Ремонт механики,all
"Всем, немедленно, механика дышит последними силами — не дай ей умереть!",Ремонт механики,all
"Экипаж, бегом, срочно, почини механизмы, срочно!",Ремонт механики,all
"Экипаж, бегом, срочно, срочно ремонтируй механику!",Ремонт механики,all
"Команда, срочно, замени шестерни, давай живее!",Ремонт механики,all
"Экипаж, чёрт, быстрее, почини механизмы, срочно!",Ремонт механики,all
"Слушайте все, немедленно, механика дышит последними силами — не дай ей умереть!",Ремонт механики,all
"Всех по местам, немедленно, срочно ремонтируй механику!",Ремонт механики,all
"Всем, немедленно, давай живее, всё гремит, почини механику!",Ремонт механики,all
"Ребят, срочно, давай живее, осмотри двигатель, там трещит!",Ремонт механики,all
"Ребята, быстро, пока не поздно, всё гремит, почини механику!",Ремонт механики,all
"Экипаж, бегом, немедленно, замени шестерни, давай живее!",Ремонт механики,all
"Ребят, срочно, срочно, всё гремит, почини механику!",Ремонт механики,all
"Команда, живее, быстрее, нам нужна подвижность, чини механику!",Ремонт механики,all
"Весь экипаж, немедленно, механика заклинила, чини!",Ремонт механики,all
"Команда, срочно, срочно, осмотри двигатель, там трещит!",Ремонт механики,all
"Команда, действуйте, немедленно, осмотри двигатель, там трещит!",Ремонт механики,all
"Всем, немедленно, быстрее, механика барахлит, действуй!",Ремонт механики,all
"Команда, живее, замени шестерни, давай живее!",Ремонт механики,all
"Всех по местам, пока не поздно, замени шестерни, давай живее!",Ремонт механики,all
"Всем внимание, срочно, механика заклинила, чини!",Ремонт механики,all
"Всем внимание, давай живее, осмотри двигатель, там трещит!",Ремонт механики,all
"Всем внимание, давай живее, механика в хламе — чини, пока не взорвалось!",Ремонт механики,all
"Команда, срочно, срочно, всё гремит, почини механику!",Ремонт механики,all
"Команда, действуйте, срочно, всё гремит, почини механику!",Ремонт механики,all
"Всем внимание, срочно, замени шестерни, давай живее!",Ремонт механики,all
"Всем, немедленно, срочно ремонтируй механику!",Ремонт механики,all
"Всем внимание, давай живее, всё гремит, почини механику!",Ремонт механики,all
"Экипаж, чёрт, всё гремит, почини механику!",Ремонт механики,all
"Всем, немедленно, пока не поздно, механика заклинила, чини!",Ремонт механики,all
"Ребят, срочно, срочно, механика заклинила, чини!",Ремонт механики,all
"Всех по местам, давай живее, механика дышит последними силами — не дай ей умереть!",Ремонт механики,all
"Народ, срочно, давай живее, всё гремит, почини механику!",Ремонт механики,all
"Экипаж, чёрт, быстрее, механика заклинила, чини!",Ремонт механики,all
"Экипаж, чёрт, давай живее, замени шестерни, давай живее!",Ремонт механики,all
"Слушайте все, пока не поздно, всё гремит, почини механику!",Ремонт механики,all
"Ребят, срочно, давай живее, замени шестерни, давай живее!",Ремонт механики,all
"Весь экипаж, немедленно, почини механизмы, срочно!",Ремонт механики,all
"Команда, срочно, механика заклинила, чини!",Ремонт механики,all
"Команда, действуйте, пока не поздно, двигатель подвел, исправь!",Ремонт механики,all
"Всем внимание, почини механизмы, срочно!",Ремонт механики,all
"Команда, действуйте, давай живее, механика дышит последними силами — не дай ей умереть!",Ремонт механики,all
"Экипаж, срочно, быстрее, осмотри двигатель, там трещит!",Ремонт механики,all
"Экипаж, чёрт, давай живее, механика заклинила, чини!",Ремонт механики,all
"Команда, срочно, быстрее, почини механизмы, срочно!",Ремонт механики,all
"Всем внимание, срочно, срочно ремонтируй механику!",Ремонт механики,all
"Слушайте все, механика дышит последними силами — не дай ей умереть!",Ремонт механики,all
"Ребят, срочно, пока не поздно, механика барахлит, действуй!",Ремонт механики,all
"Экипаж, срочно, пока не поздно, замени шестерни, давай живее!",Ремонт механики,all
"Народ, срочно, замени шестерни, давай живее!",Ремонт механики,all
"Команда, живее, пока не поздно, механика барахлит, действуй!",Ремонт механики,all
"Ребята, быстро, давай живее, механика в хламе — чини, пока не взорвалось!",Ремонт механики,all
"Экипаж, срочно, пока не поздно, механика барахлит, действуй!",Ремонт механики,all
"Команда, срочно, двигатель подвел, исправь!",Ремонт механики,all
"Ребят, срочно, быстрее, двигатель подвел, исправь!",Ремонт механики,all
"Экипаж, бегом, быстрее, всё гремит, почини механику!",Ремонт механики,all
"Команда, живее, механика дышит последними силами — не дай ей умереть!",Ремонт механики,all
"Народ, срочно, пока не поздно, срочно ремонтируй механику!",Ремонт механики,all
"Команда, действуйте, быстрее, механика в хламе — чини, пока не взорвалось!",Ремонт механики,all
"Ребят, срочно, нам нужна подвижность, чини механику!",Ремонт механики,all
"Всем внимание, срочно, нам нужна подвижность, чини механику!",Ремонт механики,all
"Все, давайте, пока не поздно, механика заклинила, чини!",Ремонт механики,all
"Всем внимание, нам нужна подвижность, чини механику!",Ремонт механики,all
"Всем, немедленно, быстрее, механика заклинила, чини!",Ремонт механики,all
"Всем внимание, немедленно, почини механизмы, срочно!",Ремонт механики,all
"Команда, срочно, быстрее, нам нужна подвижность, чини механику!",Ремонт механики,all
"Слушайте все, давай живее, замени шестерни, давай живее!",Ремонт механики,all
"Весь экипаж, немедленно, осмотри двигатель, там трещит!",Ремонт механики,all
"Ребята, быстро, быстрее, механика заклинила, чини!",Ремонт механики,all
"Экипаж, бегом, срочно, нам нужна подвижность, чини механику!",Ремонт механики,all
"Команда, живее, механика заклинила, чини!",Ремонт механики,all
"Эй, кто-то рядом, пока не поздно, всё гремит, почини механику!",Ремонт механики,near
"Кто ближе всех, давай живее, срочно ремонтируй механику!",Ремонт механики,near
"Кто ближе, делай, срочно ремонтируй механику!",Ремонт механики,near
"Кто на связи, давай живее, механика заклинила, чини!",Ремонт механики,near
"Кто здесь, быстро, срочно, почини механизмы, срочно!",Ремонт механики,near
"Срочно, кто рядом, двигатель подвел, исправь!",Ремонт механики,near
"Кто поблизости, механика дышит последними силами — не дай ей умереть!",Ремонт механики,near
"Кто здесь рядом, пока не поздно, нам нужна подвижность, чини механику!",Ремонт механики,near
"Кто на связи, пока не поздно, двигатель подвел, исправь!",Ремонт механики,near
"Кто ближе, делай, срочно, механика заклинила, чини!",Ремонт механики,near
"Кто на связи, давай живее, механика барахлит, действуй!",Ремонт механики,near
"Эй, кто-то рядом, пока не поздно, механика дышит последними силами — не дай ей умереть!",Ремонт механики,near
"Кто на связи, давай живее, замени шестерни, давай живее!",Ремонт механики,near
"Срочно, кто рядом, пока не поздно, механика заклинила, чини!",Ремонт механики,near
"Подойди, быстро, давай живее, замени шестерни, давай живее!",Ремонт механики,near
"Эй, ближайший, срочно, механика дышит последними силами — не дай ей умереть!",Ремонт механики,near
"Срочно, кто рядом, немедленно, замени шестерни, давай живее!",Ремонт механики,near
"Эй, ты рядом, давай живее, срочно ремонтируй механику!",Ремонт механики,near
"Кто недалеко, пока не поздно, срочно ремонтируй механику!",Ремонт механики,near
"Срочно, кто рядом, почини механизмы, срочно!",Ремонт механики,near
"Подойди, быстро, механика дышит последними силами — не дай ей умереть!",Ремонт механики,near
"Подойди, быстро, давай живее, двигатель подвел, исправь!",Ремонт механики,near
"Кто поблизости, всё гремит, почини механику!",Ремонт механики,near
"Кто здесь рядом, немедленно, механика барахлит, действуй!",Ремонт механики,near
"Кто недалеко, срочно, механика барахлит, действуй!",Ремонт механики,near
"Кто ближе, делай, срочно, механика дышит последними силами — не дай ей умереть!",Ремонт механики,near
"Эй, кто-то рядом, давай живее, механика дышит последними силами — не дай ей умереть!",Ремонт механики,near
"Кто здесь, быстро, механика в хламе — чини, пока не взорвалось!",Ремонт механики,near
"Кто здесь, быстро, немедленно, двигатель подвел, исправь!",Ремонт механики,near
"Кто недалеко, нам нужна подвижность, чини механику!",Ремонт механики,near
"Срочно, кто рядом, немедленно, механика барахлит, действуй!",Ремонт механики,near
"Подойди, быстро, срочно, механика дышит последними силами — не дай ей умереть!",Ремонт механики,near
"Эй, ты рядом, почини механизмы, срочно!",Ремонт механики,near
"Кто поблизости, быстрее, нам нужна подвижность, чини механику!",Ремонт механики,near
"Кто поблизости, пока не поздно, срочно ремонтируй механику!",Ремонт механики,near
"Эй, кто рядом, механика барахлит, действуй!",Ремонт механики,near
"Кто недалеко, пока не поздно, двигатель подвел, исправь!",Ремонт механики,near
"Эй, кто рядом, давай живее, замени шестерни, давай живее!",Ремонт механики,near
"Кто на связи, пока не поздно, почини механизмы, срочно!",Ремонт механики,near
"Эй, ты рядом, давай живее, осмотри двигатель, там трещит!",Ремонт механики,near
"Эй, ближайший, давай живее, двигатель подвел, исправь!",Ремонт механики,near
"Кто ближе, делай, механика барахлит, действуй!",Ремонт механики,near
"Кто поблизости, срочно, механика в хламе — чини, пока не взорвалось!",Ремонт механики,near
"Кто ближе, делай, замени шестерни, давай живее!",Ремонт механики,near
"Подойди, быстро, быстрее, механика дышит последними силами — не дай ей умереть!",Ремонт механики,near
"Кто здесь рядом, срочно ремонтируй механику!",Ремонт механики,near
"Кто здесь рядом, осмотри двигатель, там трещит!",Ремонт механики,near
"Кто здесь рядом, нам нужна подвижность, чини механику!",Ремонт механики,near
"Кто здесь, быстро, давай живее, нам нужна подвижность, чини механику!",Ремонт механики,near
"Срочно, кто рядом, давай живее, нам нужна подвижность, чини механику!",Ремонт механики,near
"Кто ближе всех, механика в хламе — чини, пока не взорвалось!",Ремонт механики,near
"Кто на связи, немедленно, замени шестерни, давай живее!",Ремонт механики,near
"Кто здесь рядом, быстрее, срочно ремонтируй механику!",Ремонт механики,near
"Кто здесь рядом, замени шестерни, давай живее!",Ремонт механики,near
"Эй, кто-то рядом, давай живее, механика барахлит, действуй!",Ремонт механики,near
"Кто на связи, быстрее, почини механизмы, срочно!",Ремонт механики,near
"Кто поблизости, пока не поздно, почини механизмы, срочно!",Ремонт механики,near
"Кто здесь, быстро, срочно, механика дышит последними силами — не дай ей умереть!",Ремонт механики,near
"Кто поблизости, быстрее, механика в хламе — чини, пока не взорвалось!",Ремонт механики,near
"Эй, ближайший, механика барахлит, действуй!",Ремонт механики,near
"Подойди, быстро, механика заклинила, чини!",Ремонт механики,near
"Кто здесь, быстро, быстрее, почини механизмы, срочно!",Ремонт механики,near
"Кто ближе, делай, нам нужна подвижность, чини механику!",Ремонт механики,near
"Кто здесь рядом, немедленно, механика дышит последними силами — не дай ей умереть!",Ремонт механики,near
"Кто поблизости, быстрее, всё гремит, почини механику!",Ремонт механики,near
"Кто поблизости, немедленно, осмотри двигатель, там трещит!",Ремонт механики,near
"Кто ближе всех, срочно, почини механизмы, срочно!",Ремонт механики,near
"Кто недалеко, немедленно, механика в хламе — чини, пока не взорвалось!",Ремонт механики,near
"Эй, кто-то рядом, немедленно, двигатель подвел, исправь!",Ремонт механики,near
"Кто на связи, срочно, замени шестерни, давай живее!",Ремонт механики,near
"Кто здесь, быстро, немедленно, механика заклинила, чини!",Ремонт механики,near
"Кто поблизости, срочно, механика заклинила, чини!",Ремонт механики,near
"Эй, ты рядом, пока не поздно, срочно ремонтируй механику!",Ремонт механики,near
"Кто ближе всех, срочно, осмотри двигатель, там трещит!",Ремонт механики,near
"Эй, ты рядом, осмотри двигатель, там трещит!",Ремонт механики,near
"Эй, кто рядом, замени шестерни, давай живее!",Ремонт механики,near
"Кто поблизости, срочно, нам нужна подвижность, чини механику!",Ремонт механики,near
"Эй, кто-то рядом, механика дышит последними силами — не дай ей умереть!",Ремонт механики,near
"Кто здесь, быстро, осмотри двигатель, там трещит!",Ремонт механики,near
"Кто на связи, давай живее, механика дышит последними силами — не дай ей умереть!",Ремонт механики,near
"Эй, ближайший, срочно, механика в хламе — чини, пока не взорвалось!",Ремонт механики,near
"Эй, кто рядом, механика заклинила, чини!",Ремонт механики,near
"Эй, ближайший, немедленно, всё гремит, почини механику!",Ремонт механики,near
"Подойди, быстро, немедленно, замени шестерни, давай живее!",Ремонт механики,near
"Срочно, кто рядом, давай живее, механика дышит последними силами — не дай ей умереть!",Ремонт механики,near
"Эй, кто рядом, срочно, механика заклинила, чини!",Ремонт механики,near
"Кто недалеко, давай живее, механика дышит последними силами — не дай ей умереть!",Ремонт механики,near
"Эй, ближайший, механика в хламе — чини, пока не взорвалось!",Ремонт механики,near
"Кто на связи, немедленно, двигатель подвел, исправь!",Ремонт механики,near
"Кто здесь рядом, механика заклинила, чини!",Ремонт механики,near
"Кто на связи, немедленно, почини механизмы, срочно!",Ремонт механики,near
"Кто ближе всех, давай живее, осмотри двигатель, там трещит!",Ремонт механики,near
"Эй, кто рядом, немедленно, почини механизмы, срочно!",Ремонт механики,near
"Эй, ближайший, давай живее, механика заклинила, чини!",Ремонт механики,near
"Срочно, кто рядом, быстрее, механика в хламе — чини, пока не взорвалось!",Ремонт механики,near
"Эй, ты рядом, срочно, срочно ремонтируй механику!",Ремонт механики,near
"Эй, кто-то рядом, срочно, замени шестерни, давай живее!",Ремонт механики,near
"Эй, ближайший, немедленно, срочно ремонтируй механику!",Ремонт механики,near
"Кто здесь, быстро, механика дышит последними силами — не дай ей умереть!",Ремонт механики,near
"Эй, кто рядом, пока не поздно, механика дышит последними силами — не дай ей умереть!",Ремонт механики,near
"Капитан, восстанови питание срочно!",Ремонт электрики,Капитан
"Капитан, быстрее, электрика на нуле, оживи!",Ремонт электрики,Капитан
"Проводка дымит, капитан, действуй!",Ремонт электрики,Капитан
"Быстрее, предохранители сгорели — чини электрику, капитан!",Ремонт электрики,Капитан
"Свет гаснет — ты что, капитан, спишь? Включай резерв!",Ремонт электрики,Капитан
"Свет гаснет — ты что, спишь? Включай резерв, капитан!",Ремонт электрики,Капитан
"Капитан, давай живее, проводка дымит, действуй!",Ремонт электрики,Капитан
"Нам нужен свет, капитан, почини электрику!",Ремонт электрики,Капитан
"Срочно, почини электрику, быстрее, капитан!",Ремонт электрики,Капитан
"Капитан, быстрее, нам нужен свет, почини электрику!",Ремонт электрики,Капитан
"Давай живее, капитан, свет гаснет — ты что, спишь? Включай резерв!",Ремонт электрики,Капитан
"Срочно, кабель перегорел, замени, капитан!",Ремонт электрики,Капитан
Предохранители сгорели — чини электрику!,Ремонт электрики,Капитан
"Немедленно, капитан, кабель перегорел, замени!",Ремонт электрики,Капитан
"Немедленно, капитан, восстанови питание срочно!",Ремонт электрики,Капитан
"Капитан, срочно, восстанови питание срочно!",Ремонт электрики,Капитан
"Капитан, быстрее, электрику чинить — это не пожелание, это приказ!",Ремонт электрики,Капитан
Восстанови питание срочно!,Ремонт электрики,Капитан
"Давай живее, нам нужен свет, почини электрику, капитан!",Ремонт электрики,Капитан
"Срочно, капитан, проводка дымит, действуй!",Ремонт электрики,Капитан
"Капитан, пока не поздно, кабель перегорел, замени!",Ремонт электрики,Капитан
"Немедленно, почини электрику, быстрее, капитан!",Ремонт электрики,Капитан
"Срочно, восстанови питание срочно, капитан!",Ремонт электрики,Капитан
"Быстрее, капитан, восстанови питание срочно!",Ремонт электрики,Капитан
"Немедленно, предохранители сгорели — чини электрику, капитан!",Ремонт электрики,Капитан
"Предохранители сгорели — чини электрику, капитан!",Ремонт электрики,Капитан
"Капитан, быстрее, если не починишь электрику — мы все останемся в темноте. Навсегда.!",Ремонт электрики,Капитан
"Давай живее, восстанови питание срочно, капитан!",Ремонт электрики,Капитан
"Пока не поздно, запах гари? Тогда не жди, пока сгорит весь корабль, капитан!",Ремонт электрики,Капитан
"Капитан, немедленно, проводка дымит, действуй!",Ремонт электрики,Капитан
"Быстрее, капитан, кабель перегорел, замени!",Ремонт электрики,Капитан
"Капитан, если не починишь электрику — мы все останемся в темноте. Навсегда.!",Ремонт электрики,Капитан
"Капитан, срочно, щит искрит, почини!",Ремонт электрики,Капитан
"Восстанови питание срочно, капитан!",Ремонт электрики,Капитан
"Капитан, быстрее, панель коротит, исправь электрику!",Ремонт электрики,Капитан
"Давай живее, капитан, щит искрит, почини!",Ремонт электрики,Капитан
"Давай живее, капитан, запах гари? Тогда не жди, пока сгорит весь корабль!",Ремонт электрики,Капитан
"Немедленно, восстанови питание срочно, капитан!",Ремонт электрики,Капитан
"Немедленно, щит искрит, почини, капитан!",Ремонт электрики,Капитан
"Срочно, капитан, это не фонарик, а жизненно важная система!",Ремонт электрики,Капитан
"Капитан, немедленно, если не починишь электрику — мы все останемся в темноте. Навсегда.!",Ремонт электрики,Капитан
"Капитан, пока не поздно, искры летят — не стой, как дурак,чини электрику!",Ремонт электрики,Капитан
"Быстрее, капитан, электрику чинить — это не пожелание, это приказ!",Ремонт электрики,Капитан
"Давай живее, предохранители сгорели — чини электрику, капитан!",Ремонт электрики,Капитан
"Капитан, предохранители сгорели — чини электрику!",Ремонт электрики,Капитан
"Это не фонарик, а жизненно важная система, капитан!",Ремонт электрики,Капитан
"Капитан, проводка дымит, действуй!",Ремонт электрики,Капитан
"Это не фонарик, капитан, а жизненно важная система!",Ремонт электрики,Капитан
"Срочно, нам нужен свет, почини электрику, капитан!",Ремонт электрики,Капитан
"Пока не поздно, капитан, искры летят — не стой, как дурак,чини электрику!",Ремонт электрики,Капитан
"Давай живее, капитан, электрику чинить — это не пожелание, это приказ!",Ремонт электрики,Капитан
"Искры летят — не стой, как дурак,чини электрику, капитан!",Ремонт электрики,Капитан
"Капитан, это не фонарик, а жизненно важная система!",Ремонт электрики,Капитан
"Срочно, капитан, предохранители сгорели — чини электрику!",Ремонт электрики,Капитан
"Быстрее, если не починишь электрику — мы все останемся в темноте. Навсегда., капитан!",Ремонт электрики,Капитан
Если не починишь электрику — мы все останемся в темноте. Навсегда.!,Ремонт электрики,Капитан
"Пока не поздно, электрику чинить — это не пожелание, это приказ, капитан!",Ремонт электрики,Капитан
"Капитан, пока не поздно, это не фонарик, а жизненно важная система!",Ремонт электрики,Капитан
"Срочно, электрика на нуле, оживи, капитан!",Ремонт электрики,Капитан
"Щит искрит, почини, капитан!",Ремонт электрики,Капитан
"Электрика на нуле, оживи, капитан!",Ремонт электрики,Капитан
"Давай живее, капитан, нам нужен свет, почини электрику!",Ремонт электрики,Капитан
"Щит искрит, капитан, почини!",Ремонт электрики,Капитан
"Капитан, немедленно, искры летят — не стой, как дурак,чини электрику!",Ремонт электрики,Капитан
"Электрику чинить — это не пожелание, капитан, это приказ!",Ремонт электрики,Капитан
"Капитан, быстрее, предохранители сгорели — чини электрику!",Ремонт электрики,Капитан
"Капитан, немедленно, нам нужен свет, почини электрику!",Ремонт электрики,Капитан
"Немедленно, капитан, щит искрит, почини!",Ремонт электрики,Капитан
"Срочно, капитан, электрику чинить — это не пожелание, это приказ!",Ремонт электрики,Капитан
"Давай живее, капитан, проводка дымит, действуй!",Ремонт электрики,Капитан
"Срочно, предохранители сгорели — чини электрику, капитан!",Ремонт электрики,Капитан
"Панель коротит, исправь электрику, капитан!",Ремонт электрики,Капитан
"Электрику чинить — это не пожелание, это приказ, капитан!",Ремонт электрики,Капитан
"Срочно, капитан, щит искрит, почини!",Ремонт электрики,Капитан
"Давай живее, капитан, восстанови питание срочно!",Ремонт электрики,Капитан
"Немедленно, искры летят — не стой, как дурак,чини электрику, капитан!",Ремонт электрики,Капитан
"Быстрее, капитан, свет гаснет — ты что, спишь? Включай резерв!",Ремонт электрики,Капитан
"Немедленно, кабель перегорел, замени, капитан!",Ремонт электрики,Капитан
"Пока не поздно, капитан, кабель перегорел, замени!",Ремонт электрики,Капитан
"Немедленно, свет гаснет — ты что, спишь? Включай резерв, капитан!",Ремонт электрики,Капитан
"Капитан, щит искрит, почини!",Ремонт электрики,Капитан
"Пока не поздно, капитан, щит искрит, почини!",Ремонт электрики,Капитан
"Немедленно, капитан, панель коротит, исправь электрику!",Ремонт электрики,Капитан
"Капитан, быстрее, восстанови питание срочно!",Ремонт электрики,Капитан
"Срочно, капитан, запах гари? Тогда не жди, пока сгорит весь корабль!",Ремонт электрики,Капитан
"Быстрее, капитан, панель коротит, исправь электрику!",Ремонт электрики,Капитан
"Капитан, быстрее, почини электрику, быстрее!",Ремонт электрики,Капитан
"Капитан, пока не поздно, панель коротит, исправь электрику!",Ремонт электрики,Капитан
"Капитан, быстрее, проводка дымит, действуй!",Ремонт электрики,Капитан
"Давай живее, капитан, почини электрику, быстрее!",Ремонт электрики,Капитан
"Если не починишь электрику — мы все останемся в темноте. Навсегда., капитан!",Ремонт электрики,Капитан
"Искры летят — не стой, капитан, как дурак,чини электрику!",Ремонт электрики,Капитан
"Электрика на нуле, капитан, оживи!",Ремонт электрики,Капитан
"Капитан, немедленно, щит искрит, почини!",Ремонт электрики,Капитан
"Запах гари? Тогда не жди, пока сгорит весь корабль, капитан!",Ремонт электрики,Капитан
"Срочно, капитан, свет гаснет — ты что, спишь? Включай резерв!",Ремонт электрики,Капитан
"Пока не поздно, искры летят — не стой, как дурак,чини электрику, капитан!",Ремонт электрики,Капитан
"Быстрее, нам нужен свет, почини электрику, капитан!",Ремонт электрики,Капитан
"Быстрее, панель коротит, исправь электрику, капитан!",Ремонт электрики,Капитан
"Давай живее, запах гари? Тогда не жди, пока сгорит весь корабль, капитан!",Ремонт электрики,Капитан
"Быстрее, кабель перегорел, замени, охранник!",Ремонт электрики,Охранник
"Пока не поздно, охранник, кабель перегорел, замени!",Ремонт электрики,Охранник
"Быстрее, охранник, щит искрит, почини!",Ремонт электрики,Охранник
"Немедленно, нам нужен свет, почини электрику, охранник!",Ремонт электрики,Охранник
"Немедленно, охранник, если не починишь электрику — мы все останемся в темноте. Навсегда.!",Ремонт электрики,Охранник
"Свет гаснет — ты что, охранник, спишь? Включай резерв!",Ремонт электрики,Охранник
"Охранник, если не починишь электрику — мы все останемся в темноте. Навсегда.!",Ремонт электрики,Охранник
"Панель коротит, исправь электрику, охранник!",Ремонт электрики,Охранник
"Пока не поздно, охранник, восстанови питание срочно!",Ремонт электрики,Охранник
"Срочно, щит искрит, почини, охранник!",Ремонт электрики,Охранник
"Искры летят — не стой, как дурак,чини электрику, охранник!",Ремонт электрики,Охранник
"Немедленно, кабель перегорел, замени, охранник!",Ремонт электрики,Охранник
"Кабель перегорел, замени, охранник!",Ремонт электрики,Охранник
"Давай живее, охранник, проводка дымит, действуй!",Ремонт электрики,Охранник
"Срочно, предохранители сгорели — чини электрику, охранник!",Ремонт электрики,Охранник
"Охранник, кабель перегорел, замени!",Ремонт электрики,Охранник
"Срочно, охранник, электрику чинить — это не пожелание, это приказ!",Ремонт электрики,Охранник
"Срочно, охранник, искры летят — не стой, как дурак,чини электрику!",Ремонт электрики,Охранник
"Охранник, немедленно, кабель перегорел, замени!",Ремонт электрики,Охранник
"Охранник, проводка дымит, действуй!",Ремонт электрики,Охранник
"Давай живее, восстанови питание срочно, охранник!",Ремонт электрики,Охранник
"Немедленно, охранник, электрика на нуле, оживи!",Ремонт электрики,Охранник
"Охранник, пока не поздно, если не починишь электрику — мы все останемся в темноте. Навсегда.!",Ремонт электрики,Охранник
"Немедленно, охранник, предохранители сгорели — чини электрику!",Ремонт электрики,Охранник
"Пока не поздно, электрику чинить — это не пожелание, это приказ, охранник!",Ремонт электрики,Охранник
"Быстрее, электрику чинить — это не пожелание, это приказ, охранник!",Ремонт электрики,Охранник
"Охранник, восстанови питание срочно!",Ремонт электрики,Охранник
"Немедленно, панель коротит, исправь электрику, охранник!",Ремонт электрики,Охранник
"Охранник, немедленно, щит искрит, почини!",Ремонт электрики,Охранник
"Охранник, быстрее, электрика на нуле, оживи!",Ремонт электрики,Охранник
"Пока не поздно, кабель перегорел, замени, охранник!",Ремонт электрики,Охранник
"Охранник, пока не поздно, запах гари? Тогда не жди, пока сгорит весь корабль!",Ремонт электрики,Охранник
"Охранник, запах гари? Тогда не жди, пока сгорит весь корабль!",Ремонт электрики,Охранник
"Охранник, давай живее, если не починишь электрику — мы все останемся в темноте. Навсегда.!",Ремонт электрики,Охранник
"Предохранители сгорели — чини электрику, охранник!",Ремонт электрики,Охранник
"Охранник, срочно, проводка дымит, действуй!",Ремонт электрики,Охранник
"Давай живее, это не фонарик, а жизненно важная система, охранник!",Ремонт электрики,Охранник
"Охранник, давай живее, предохранители сгорели — чини электрику!",Ремонт электрики,Охранник
"Почини электрику, охранник, быстрее!",Ремонт электрики,Охранник
"Панель коротит, охранник, исправь электрику!",Ремонт электрики,Охранник
"Охранник, срочно, панель коротит, исправь электрику!",Ремонт электрики,Охранник
"Охранник, панель коротит, исправь электрику!",Ремонт электрики,Охранник
"Срочно, кабель перегорел, замени, охранник!",Ремонт электрики,Охранник
"Охранник, пока не поздно, свет гаснет — ты что, спишь? Включай резерв!",Ремонт электрики,Охранник
"Пока не поздно, запах гари? Тогда не жди, пока сгорит весь корабль, охранник!",Ремонт электрики,Охранник
"Охранник, пока не поздно, искры летят — не стой, как дурак,чини электрику!",Ремонт электрики,Охранник
"Охранник, срочно, искры летят — не стой, как дурак,чини электрику!",Ремонт электрики,Охранник
"Охранник, пока не поздно, восстанови питание срочно!",Ремонт электрики,Охранник
"Охранник, немедленно, проводка дымит, действуй!",Ремонт электрики,Охранник
"Пока не поздно, это не фонарик, а жизненно важная система, охранник!",Ремонт электрики,Охранник
"Кабель перегорел, охранник, замени!",Ремонт электрики,Охранник
"Немедленно, охранник, электрику чинить — это не пожелание, это приказ!",Ремонт электрики,Охранник
"Пока не поздно, охранник, искры летят — не стой, как дурак,чини электрику!",Ремонт электрики,Охранник
"Охранник, давай живее, щит искрит, почини!",Ремонт электрики,Охранник
"Срочно, охранник, запах гари? Тогда не жди, пока сгорит весь корабль!",Ремонт электрики,Охранник
"Давай живее, электрика на нуле, оживи, охранник!",Ремонт электрики,Охранник
"Быстрее, предохранители сгорели — чини электрику, охранник!",Ремонт электрики,Охранник
"Охранник, искры летят — не стой, как дурак,чини электрику!",Ремонт электрики,Охранник
"Охранник, быстрее, это не фонарик, а жизненно важная система!",Ремонт электрики,Охранник
"Свет гаснет — ты что, спишь? Включай резерв, охранник!",Ремонт электрики,Охранник
"Проводка дымит, действуй, охранник!",Ремонт электрики,Охранник
"Охранник, щит искрит, почини!",Ремонт электрики,Охранник
"Пока не поздно, охранник, если не починишь электрику — мы все останемся в темноте. Навсегда.!",Ремонт электрики,Охранник
"Охранник, срочно, предохранители сгорели — чини электрику!",Ремонт электрики,Охранник
"Если не починишь электрику — мы все останемся в темноте. Навсегда., охранник!",Ремонт электрики,Охранник
"Пока не поздно, охранник, запах гари? Тогда не жди, пока сгорит весь корабль!",Ремонт электрики,Охранник
"Охранник, почини электрику, быстрее!",Ремонт электрики,Охранник
"Охранник, электрику чинить — это не пожелание, это приказ!",Ремонт электрики,Охранник
"Давай живее, свет гаснет — ты что, спишь? Включай резерв, охранник!",Ремонт электрики,Охранник
"Нам нужен свет, охранник, почини электрику!",Ремонт электрики,Охранник
"Немедленно, охранник, запах гари? Тогда не жди, пока сгорит весь корабль!",Ремонт электрики,Охранник
"Быстрее, охранник, кабель перегорел, замени!",Ремонт электрики,Охранник
"Охранник, быстрее, панель коротит, исправь электрику!",Ремонт электрики,Охранник
"Охранник, давай живее, нам нужен свет, почини электрику!",Ремонт электрики,Охранник
"Охранник, давай живее, кабель перегорел, замени!",Ремонт электрики,Охранник
"Срочно, охранник, предохранители сгорели — чини электрику!",Ремонт электрики,Охранник
"Пока не поздно, охранник, электрика на нуле, оживи!",Ремонт электрики,Охранник
"Немедленно, охранник, нам нужен свет, почини электрику!",Ремонт электрики,Охранник
"Электрику чинить — это не пожелание, это приказ, охранник!",Ремонт электрики,Охранник
"Охранник, быстрее, предохранители сгорели — чини электрику!",Ремонт электрики,Охранник
"Быстрее, охранник, проводка дымит, действуй!",Ремонт электрики,Охранник
"Запах гари? Тогда не жди, пока сгорит весь корабль, охранник!",Ремонт электрики,Охранник
"Давай живее, проводка дымит, действуй, охранник!",Ремонт электрики,Охранник
"Охранник, пока не поздно, проводка дымит, действуй!",Ремонт электрики,Охранник
"Давай живее, охранник, кабель перегорел, замени!",Ремонт электрики,Охранник
"Запах гари? Тогда не жди, охранник, пока сгорит весь корабль!",Ремонт электрики,Охранник
"Охранник, быстрее, электрику чинить — это не пожелание, это приказ!",Ремонт электрики,Охранник
"Охранник, давай живее, искры летят — не стой, как дурак,чини электрику!",Ремонт электрики,Охранник
"Охранник, быстрее, свет гаснет — ты что, спишь? Включай резерв!",Ремонт электрики,Охранник
"Давай живее, охранник, это не фонарик, а жизненно важная система!",Ремонт электрики,Охранник
"Пока не поздно, охранник, почини электрику, быстрее!",Ремонт электрики,Охранник
"Срочно, это не фонарик, а жизненно важная система, охранник!",Ремонт электрики,Охранник
"Срочно, охранник, если не починишь электрику — мы все останемся в темноте. Навсегда.!",Ремонт электрики,Охранник
"Почини электрику, быстрее, охранник!",Ремонт электрики,Охранник
"Электрика на нуле, охранник, оживи!",Ремонт электрики,Охранник
"Немедленно, это не фонарик, а жизненно важная система, охранник!",Ремонт электрики,Охранник
"Нам нужен свет, почини электрику, охранник!",Ремонт электрики,Охранник
"Охранник, это не фонарик, а жизненно важная система!",Ремонт электрики,Охранник
"Срочно, охранник, восстанови питание срочно!",Ремонт электрики,Охранник
"Давай живее, если не починишь электрику — мы все останемся в темноте. Навсегда., охранник!",Ремонт электрики,Охранник
"Немедленно, медик, панель коротит, исправь электрику!",Ремонт электрики,Медик
"Медик, давай живее, проводка дымит, действуй!",Ремонт электрики,Медик
"Медик, немедленно, запах гари? Тогда не жди, пока сгорит весь корабль!",Ремонт электрики,Медик
"Срочно, медик, свет гаснет — ты что, спишь? Включай резерв!",Ремонт электрики,Медик
"Медик, срочно, искры летят — не стой, как дурак,чини электрику!",Ремонт электрики,Медик
"Медик, давай живее, кабель перегорел, замени!",Ремонт электрики,Медик
"Пока не поздно, электрику чинить — это не пожелание, это приказ, медик!",Ремонт электрики,Медик
"Быстрее, искры летят — не стой, как дурак,чини электрику, медик!",Ремонт электрики,Медик
"Давай живее, почини электрику, быстрее, медик!",Ремонт электрики,Медик
"Восстанови питание срочно, медик!",Ремонт электрики,Медик
"Пока не поздно, медик, запах гари? Тогда не жди, пока сгорит весь корабль!",Ремонт электрики,Медик
"Медик, немедленно, свет гаснет — ты что, спишь? Включай резерв!",Ремонт электрики,Медик
"Пока не поздно, электрика на нуле, оживи, медик!",Ремонт электрики,Медик
"Срочно, проводка дымит, действуй, медик!",Ремонт электрики,Медик
"Медик, кабель перегорел, замени!",Ремонт электрики,Медик
"Медик, немедленно, панель коротит, исправь электрику!",Ремонт электрики,Медик
"Это не фонарик, медик, а жизненно важная система!",Ремонт электрики,Медик
"Медик, пока не поздно, панель коротит, исправь электрику!",Ремонт электрики,Медик
"Немедленно, медик, щит искрит, почини!",Ремонт электрики,Медик
"Быстрее, медик, запах гари? Тогда не жди, пока сгорит весь корабль!",Ремонт электрики,Медик
"Медик, пока не поздно, если не починишь электрику — мы все останемся в темноте. Навсегда.!",Ремонт электрики,Медик
"Медик, быстрее, это не фонарик, а жизненно важная система!",Ремонт электрики,Медик
"Кабель перегорел, медик, замени!",Ремонт электрики,Медик
"Свет гаснет — ты что, спишь? Включай резерв, медик!",Ремонт электрики,Медик
"Медик, быстрее, искры летят — не стой, как дурак,чини электрику!",Ремонт электрики,Медик
"Давай живее, это не фонарик, а жизненно важная система, медик!",Ремонт электрики,Медик
"Медик, немедленно, проводка дымит, действуй!",Ремонт электрики,Медик
"Медик, давай живее, почини электрику, быстрее!",Ремонт электрики,Медик
"Это не фонарик, а жизненно важная система, медик!",Ремонт электрики,Медик
"Немедленно, медик, свет гаснет — ты что, спишь? Включай резерв!",Ремонт электрики,Медик
"Медик, быстрее, если не починишь электрику — мы все останемся в темноте. Навсегда.!",Ремонт электрики,Медик
"Пока не поздно, медик, электрика на нуле, оживи!",Ремонт электрики,Медик
"Быстрее, электрику чинить — это не пожелание, это приказ, медик!",Ремонт электрики,Медик
"Быстрее, медик, щит искрит, почини!",Ремонт электрики,Медик
"Давай живее, медик, это не фонарик, а жизненно важная система!",Ремонт электрики,Медик
"Запах гари? Тогда не жди, медик, пока сгорит весь корабль!",Ремонт электрики,Медик
"Электрика на нуле, оживи, медик!",Ремонт электрики,Медик
"Срочно, медик, электрику чинить — это не пожелание, это приказ!",Ремонт электрики,Медик
"Срочно, медик, щит искрит, почини!",Ремонт электрики,Медик
"Быстрее, медик, панель коротит, исправь электрику!",Ремонт электрики,Медик
"Пока не поздно, панель коротит, исправь электрику, медик!",Ремонт электрики,Медик
"Щит искрит, медик, почини!",Ремонт электрики,Медик
"Медик, быстрее, проводка дымит, действуй!",Ремонт электрики,Медик
"Пока не поздно, нам нужен свет, почини электрику, медик!",Ремонт электрики,Медик
"Медик, давай живее, это не фонарик, а жизненно важная система!",Ремонт электрики,Медик
"Медик, если не починишь электрику — мы все останемся в темноте. Навсегда.!",Ремонт электрики,Медик
"Медик, нам нужен свет, почини электрику!",Ремонт электрики,Медик
"Медик, свет гаснет — ты что, спишь? Включай резерв!",Ремонт электрики,Медик
"Срочно, медик, проводка дымит, действуй!",Ремонт электрики,Медик
"Пока не поздно, медик, проводка дымит, действуй!",Ремонт электрики,Медик
"Медик, проводка дымит, действуй!",Ремонт электрики,Медик
"Медик, это не фонарик, а жизненно важная система!",Ремонт электрики,Медик
"Срочно, медик, если не починишь электрику — мы все останемся в темноте. Навсегда.!",Ремонт электрики,Медик
"Медик, давай живее, щит искрит, почини!",Ремонт электрики,Медик
"Немедленно, восстанови питание срочно, медик!",Ремонт электрики,Медик
"Электрику чинить — это не пожелание, это приказ, медик!",Ремонт электрики,Медик
"Срочно, это не фонарик, а жизненно важная система, медик!",Ремонт электрики,Медик
"Срочно, медик, нам нужен свет, почини электрику!",Ремонт электрики,Медик
"Медик, восстанови питание срочно!",Ремонт электрики,Медик
"Срочно, медик, искры летят — не стой, как дурак,чини электрику!",Ремонт электрики,Медик
"Давай живее, медик, электрику чинить — это не пожелание, это приказ!",Ремонт электрики,Медик
"Кабель перегорел, замени, медик!",Ремонт электрики,Медик
"Немедленно, медик, нам нужен свет, почини электрику!",Ремонт электрики,Медик
"Нам нужен свет, почини электрику, медик!",Ремонт электрики,Медик
"Быстрее, медик, искры летят — не стой, как дурак,чини электрику!",Ремонт электрики,Медик
"Свет гаснет — ты что, медик, спишь? Включай резерв!",Ремонт электрики,Медик
"Медик, давай живее, панель коротит, исправь электрику!",Ремонт электрики,Медик
"Медик, предохранители сгорели — чини электрику!",Ремонт электрики,Медик
"Пока не поздно, искры летят — не стой, как дурак,чини электрику, медик!",Ремонт электрики,Медик
"Предохранители сгорели — чини электрику, медик!",Ремонт электрики,Медик
"Щит искрит, почини, медик!",Ремонт электрики,Медик
"Медик, срочно, восстанови питание срочно!",Ремонт электрики,Медик
"Немедленно, почини электрику, быстрее, медик!",Ремонт электрики,Медик
"Немедленно, запах гари? Тогда не жди, пока сгорит весь корабль, медик!",Ремонт электрики,Медик
"Искры летят — не стой, как дурак,чини электрику, медик!",Ремонт электрики,Медик
"Давай живее, медик, кабель перегорел, замени!",Ремонт электрики,Медик
"Медик, быстрее, панель коротит, исправь электрику!",Ремонт электрики,Медик
"Медик, немедленно, если не починишь электрику — мы все останемся в темноте. Навсегда.!",Ремонт электрики,Медик
"Быстрее, щит искрит, почини, медик!",Ремонт электрики,Медик
"Немедленно, медик, искры летят — не стой, как дурак,чини электрику!",Ремонт электрики,Медик
"Медик, немедленно, нам нужен свет, почини электрику!",Ремонт электрики,Медик
"Панель коротит, исправь электрику, медик!",Ремонт электрики,Медик
"Быстрее, электрика на нуле, оживи, медик!",Ремонт электрики,Медик
"Медик, срочно, электрика на нуле, оживи!",Ремонт электрики,Медик
"Пока не поздно, медик, свет гаснет — ты что, спишь? Включай резерв!",Ремонт электрики,Медик
"Быстрее, проводка дымит, действуй, медик!",Ремонт электрики,Медик
"Немедленно, панель коротит, исправь электрику, медик!",Ремонт электрики,Медик
"Быстрее, медик, это не фонарик, а жизненно важная система!",Ремонт электрики,Медик
"Медик, почини электрику, быстрее!",Ремонт электрики,Медик
"Медик, пока не поздно, нам нужен свет, почини электрику!",Ремонт электрики,Медик
"Медик, немедленно, восстанови питание срочно!",Ремонт электрики,Медик
"Пока не поздно, медик, предохранители сгорели — чини электрику!",Ремонт электрики,Медик
"Панель коротит, медик, исправь электрику!",Ремонт электрики,Медик
"Немедленно, предохранители сгорели — чини электрику, медик!",Ремонт электрики,Медик
"Быстрее, медик, кабель перегорел, замени!",Ремонт электрики,Медик
"Если не починишь электрику — мы все останемся в темноте. Навсегда., медик!",Ремонт электрики,Медик
"Медик, пока не поздно, щит искрит, почини!",Ремонт электрики,Медик
"Медик, запах гари? Тогда не жди, пока сгорит весь корабль!",Ремонт электрики,Медик
"Медик, срочно, проводка дымит, действуй!",Ремонт электрики,Медик
"Срочно, медик, предохранители сгорели — чини электрику!",Ремонт электрики,Медик
"Инженер, быстрее, искры летят — не стой, как дурак,чини электрику!",Ремонт электрики,Инженер
"Давай живее, инженер, нам нужен свет, почини электрику!",Ремонт электрики,Инженер
"Давай живее, инженер, запах гари? Тогда не жди, пока сгорит весь корабль!",Ремонт электрики,Инженер
"Инженер, срочно, нам нужен свет, почини электрику!",Ремонт электрики,Инженер
"Пока не поздно, восстанови питание срочно, инженер!",Ремонт электрики,Инженер
"Немедленно, инженер, электрика на нуле, оживи!",Ремонт электрики,Инженер
"Кабель перегорел, инженер, замени!",Ремонт электрики,Инженер
"Инженер, давай живее, нам нужен свет, почини электрику!",Ремонт электрики,Инженер
"Срочно, это не фонарик, а жизненно важная система, инженер!",Ремонт электрики,Инженер
"Инженер, быстрее, запах гари? Тогда не жди, пока сгорит весь корабль!",Ремонт электрики,Инженер
"Пока не поздно, это не фонарик, а жизненно важная система, инженер!",Ремонт электрики,Инженер
"Инженер, срочно, запах гари? Тогда не жди, пока сгорит весь корабль!",Ремонт электрики,Инженер
"Давай живее, нам нужен свет, почини электрику, инженер!",Ремонт электрики,Инженер
"Срочно, инженер, предохранители сгорели — чини электрику!",Ремонт электрики,Инженер
"Пока не поздно, инженер, предохранители сгорели — чини электрику!",Ремонт электрики,Инженер
"Искры летят — не стой, инженер, как дурак,чини электрику!",Ремонт электрики,Инженер
"Запах гари? Тогда не жди, инженер, пока сгорит весь корабль!",Ремонт электрики,Инженер
"Инженер, пока не поздно, почини электрику, быстрее!",Ремонт электрики,Инженер
"Нам нужен свет, почини электрику, инженер!",Ремонт электрики,Инженер
"Щит искрит, почини, инженер!",Ремонт электрики,Инженер
"Пока не поздно, электрику чинить — это не пожелание, это приказ, инженер!",Ремонт электрики,Инженер
"Искры летят — не стой, как дурак,чини электрику, инженер!",Ремонт электрики,Инженер
"Давай живее, электрика на нуле, оживи, инженер!",Ремонт электрики,Инженер
"Инженер, пока не поздно, это не фонарик, а жизненно важная система!",Ремонт электрики,Инженер
"Немедленно, предохранители сгорели — чини электрику, инженер!",Ремонт электрики,Инженер
"Срочно, инженер, почини электрику, быстрее!",Ремонт электрики,Инженер
"Нам нужен свет, инженер, почини электрику!",Ремонт электрики,Инженер
"Инженер, пока не поздно, свет гаснет — ты что, спишь? Включай резерв!",Ремонт электрики,Инженер
"Инженер, срочно, панель коротит, исправь электрику!",Ремонт электрики,Инженер
"Инженер, панель коротит, исправь электрику!",Ремонт электрики,Инженер
"Предохранители сгорели — чини электрику, инженер!",Ремонт электрики,Инженер
"Немедленно, искры летят — не стой, как дурак,чини электрику, инженер!",Ремонт электрики,Инженер
"Быстрее, инженер, искры летят — не стой, как дурак,чини электрику!",Ремонт электрики,Инженер
"Давай живее, инженер, если не починишь электрику — мы все останемся в темноте. Навсегда.!",Ремонт электрики,Инженер
"Инженер, пока не поздно, проводка дымит, действуй!",Ремонт электрики,Инженер
"Немедленно, инженер, предохранители сгорели — чини электрику!",Ремонт электрики,Инженер
"Срочно, инженер, панель коротит, исправь электрику!",Ремонт электрики,Инженер
"Почини электрику, быстрее, инженер!",Ремонт электрики,Инженер
"Быстрее, инженер, восстанови питание срочно!",Ремонт электрики,Инженер
"Инженер, пока не поздно, запах гари? Тогда не жди, пока сгорит весь корабль!",Ремонт электрики,Инженер
"Инженер, давай живее, щит искрит, почини!",Ремонт электрики,Инженер
"Срочно, инженер, искры летят — не стой, как дурак,чини электрику!",Ремонт электрики,Инженер
"Инженер, щит искрит, почини!",Ремонт электрики,Инженер
"Электрику чинить — это не пожелание, инженер, это приказ!",Ремонт электрики,Инженер
"Пока не поздно, почини электрику, быстрее, инженер!",Ремонт электрики,Инженер
"Быстрее, инженер, запах гари? Тогда не жди, пока сгорит весь корабль!",Ремонт электрики,Инженер
"Инженер, немедленно, предохранители сгорели — чини электрику!",Ремонт электрики,Инженер
"Пока не поздно, инженер, искры летят — не стой, как дурак,чини электрику!",Ремонт электрики,Инженер
"Инженер, давай живее, предохранители сгорели — чини электрику!",Ремонт электрики,Инженер
"Срочно, проводка дымит, действуй, инженер!",Ремонт электрики,Инженер
"Инженер, пока не поздно, восстанови питание срочно!",Ремонт электрики,Инженер
"Пока не поздно, инженер, свет гаснет — ты что, спишь? Включай резерв!",Ремонт электрики,Инженер
"Немедленно, инженер, искры летят — не стой, как дурак,чини электрику!",Ремонт электрики,Инженер
"Инженер, почини электрику, быстрее!",Ремонт электрики,Инженер
"Это не фонарик, инженер, а жизненно важная система!",Ремонт электрики,Инженер
"Давай живее, инженер, искры летят — не стой, как дурак,чини электрику!",Ремонт электрики,Инженер
"Инженер, немедленно, восстанови питание срочно!",Ремонт электрики,Инженер
"Инженер, давай живее, восстанови питание срочно!",Ремонт электрики,Инженер
"Немедленно, нам нужен свет, почини электрику, инженер!",Ремонт электрики,Инженер
"Инженер, быстрее, нам нужен свет, почини электрику!",Ремонт электрики,Инженер
"Инженер, нам нужен свет, почини электрику!",Ремонт электрики,Инженер
"Инженер, свет гаснет — ты что, спишь? Включай резерв!",Ремонт электрики,Инженер
"Давай живее, если не починишь электрику — мы все останемся в темноте. Навсегда., инженер!",Ремонт электрики,Инженер
"Немедленно, инженер, проводка дымит, действуй!",Ремонт электрики,Инженер
"Срочно, инженер, восстанови питание срочно!",Ремонт электрики,Инженер
"Инженер, пока не поздно, электрику чинить — это не пожелание, это приказ!",Ремонт электрики,Инженер
"Инженер, срочно, если не починишь электрику — мы все останемся в темноте. Навсегда.!",Ремонт электрики,Инженер
"Быстрее, электрику чинить — это не пожелание, это приказ, инженер!",Ремонт электрики,Инженер
"Инженер, немедленно, почини электрику, быстрее!",Ремонт электрики,Инженер
"Немедленно, инженер, восстанови питание срочно!",Ремонт электрики,Инженер
"Инженер, давай живее, кабель перегорел, замени!",Ремонт электрики,Инженер
"Давай живее, щит искрит, почини, инженер!",Ремонт электрики,Инженер
"Немедленно, почини электрику, быстрее, инженер!",Ремонт электрики,Инженер
"Инженер, запах гари? Тогда не жди, пока сгорит весь корабль!",Ремонт электрики,Инженер
"Инженер, это не фонарик, а жизненно важная система!",Ремонт электрики,Инженер
"Инженер, пока не поздно, если не починишь электрику — мы все останемся в темноте. Навсегда.!",Ремонт электрики,Инженер
"Срочно, кабель перегорел, замени, инженер!",Ремонт электрики,Инженер
"Инженер, искры летят — не стой, как дурак,чини электрику!",Ремонт электрики,Инженер
"Инженер, быстрее, предохранители сгорели — чини электрику!",Ремонт электрики,Инженер
"Давай живее, инженер, электрику чинить — это не пожелание, это приказ!",Ремонт электрики,Инженер
"Пока не поздно, свет гаснет — ты что, спишь? Включай резерв, инженер!",Ремонт электрики,Инженер
"Быстрее, инженер, панель коротит, исправь электрику!",Ремонт электрики,Инженер
"Панель коротит, исправь электрику, инженер!",Ремонт электрики,Инженер
"Срочно, инженер, это не фонарик, а жизненно важная система!",Ремонт электрики,Инженер
"Немедленно, проводка дымит, действуй, инженер!",Ремонт электрики,Инженер
"Немедленно, инженер, это не фонарик, а жизненно важная система!",Ремонт электрики,Инженер
"Быстрее, щит искрит, почини, инженер!",Ремонт электрики,Инженер
"Немедленно, инженер, кабель перегорел, замени!",Ремонт электрики,Инженер
"Быстрее, свет гаснет — ты что, спишь? Включай резерв, инженер!",Ремонт электрики,Инженер
"Инженер, срочно, почини электрику, быстрее!",Ремонт электрики,Инженер
"Быстрее, инженер, проводка дымит, действуй!",Ремонт электрики,Инженер
"Инженер, давай живее, панель коротит, исправь электрику!",Ремонт электрики,Инженер
"Электрика на нуле, оживи, инженер!",Ремонт электрики,Инженер
"Быстрее, запах гари? Тогда не жди, пока сгорит весь корабль, инженер!",Ремонт электрики,Инженер
"Срочно, панель коротит, исправь электрику, инженер!",Ремонт электрики,Инженер
"Пока не поздно, если не починишь электрику — мы все останемся в темноте. Навсегда., инженер!",Ремонт электрики,Инженер
"Быстрее, восстанови питание срочно, инженер!",Ремонт электрики,Инженер
"Почини электрику, инженер, быстрее!",Ремонт электрики,Инженер
"Инженер, электрика на нуле, оживи!",Ремонт электрики,Инженер
"Немедленно, если не починишь электрику — мы все останемся в темноте. Навсегда., инженер!",Ремонт электрики,Инженер
"Срочно, щит искрит, почини, механик!",Ремонт электрики,Механик
"Быстрее, это не фонарик, а жизненно важная система, механик!",Ремонт электрики,Механик
"Механик, немедленно, электрику чинить — это не пожелание, это приказ!",Ремонт электрики,Механик
"Механик, пока не поздно, электрику чинить — это не пожелание, это приказ!",Ремонт электрики,Механик
"Давай живее, механик, почини электрику, быстрее!",Ремонт электрики,Механик
"Давай живее, механик, электрику чинить — это не пожелание, это приказ!",Ремонт электрики,Механик
"Механик, давай живее, кабель перегорел, замени!",Ремонт электрики,Механик
"Срочно, механик, кабель перегорел, замени!",Ремонт электрики,Механик
"Срочно, свет гаснет — ты что, спишь? Включай резерв, механик!",Ремонт электрики,Механик
"Механик, немедленно, восстанови питание срочно!",Ремонт электрики,Механик
"Проводка дымит, действуй, механик!",Ремонт электрики,Механик
"Механик, если не починишь электрику — мы все останемся в темноте. Навсегда.!",Ремонт электрики,Механик
"Пока не поздно, механик, нам нужен свет, почини электрику!",Ремонт электрики,Механик
"Механик, пока не поздно, это не фонарик, а жизненно важная система!",Ремонт электрики,Механик
"Кабель перегорел, замени, механик!",Ремонт электрики,Механик
"Механик, быстрее, щит искрит, почини!",Ремонт электрики,Механик
"Механик, пока не поздно, если не починишь электрику — мы все останемся в темноте. Навсегда.!",Ремонт электрики,Механик
"Давай живее, механик, щит искрит, почини!",Ремонт электрики,Механик
"Немедленно, щит искрит, почини, механик!",Ремонт электрики,Механик
"Срочно, механик, нам нужен свет, почини электрику!",Ремонт электрики,Механик
"Механик, пока не поздно, проводка дымит, действуй!",Ремонт электрики,Механик
"Давай живее, предохранители сгорели — чини электрику, механик!",Ремонт электрики,Механик
"Механик, немедленно, предохранители сгорели — чини электрику!",Ремонт электрики,Механик
"Механик, немедленно, почини электрику, быстрее!",Ремонт электрики,Механик
"Механик, пока не поздно, электрика на нуле, оживи!",Ремонт электрики,Механик
"Механик, быстрее, запах гари? Тогда не жди, пока сгорит весь корабль!",Ремонт электрики,Механик
"Немедленно, запах гари? Тогда не жди, пока сгорит весь корабль, механик!",Ремонт электрики,Механик
"Нам нужен свет, почини электрику, механик!",Ремонт электрики,Механик
"Механик, давай живее, проводка дымит, действуй!",Ремонт электрики,Механик
"Давай живее, механик, предохранители сгорели — чини электрику!",Ремонт электрики,Механик
"Электрику чинить — это не пожелание, механик, это приказ!",Ремонт электрики,Механик
"Немедленно, это не фонарик, а жизненно важная система, механик!",Ремонт электрики,Механик
"Срочно, это не фонарик, а жизненно важная система, механик!",Ремонт электрики,Механик
"Срочно, механик, искры летят — не стой, как дурак,чини электрику!",Ремонт электрики,Механик
"Быстрее, если не починишь электрику — мы все останемся в темноте. Навсегда., механик!",Ремонт электрики,Механик
"Кабель перегорел, механик, замени!",Ремонт электрики,Механик
"Если не починишь электрику — мы все останемся в темноте. Навсегда., механик!",Ремонт электрики,Механик
"Механик, нам нужен свет, почини электрику!",Ремонт электрики,Механик
"Давай живее, искры летят — не стой, как дурак,чини электрику, механик!",Ремонт электрики,Механик
"Давай живее, механик, запах гари? Тогда не жди, пока сгорит весь корабль!",Ремонт электрики,Механик
"Давай живее, механик, нам нужен свет, почини электрику!",Ремонт электрики,Механик
"Быстрее, свет гаснет — ты что, спишь? Включай резерв, механик!",Ремонт электрики,Механик
"Механик, немедленно, если не починишь электрику — мы все останемся в темноте. Навсегда.!",Ремонт электрики,Механик
"Немедленно, почини электрику, быстрее, механик!",Ремонт электрики,Механик
"Давай живее, электрику чинить — это не пожелание, это приказ, механик!",Ремонт электрики,Механик
"Панель коротит, исправь электрику, механик!",Ремонт электрики,Механик
"Механик, давай живее, если не починишь электрику — мы все останемся в темноте. Навсегда.!",Ремонт электрики,Механик
"Это не фонарик, механик, а жизненно важная система!",Ремонт электрики,Механик
"Панель коротит, механик, исправь электрику!",Ремонт электрики,Механик
"Механик, срочно, щит искрит, почини!",Ремонт электрики,Механик
"Почини электрику, механик, быстрее!",Ремонт электрики,Механик
"Срочно, механик, если не починишь электрику — мы все останемся в темноте. Навсегда.!",Ремонт электрики,Механик
"Пока не поздно, нам нужен свет, почини электрику, механик!",Ремонт электрики,Механик
"Механик, срочно, восстанови питание срочно!",Ремонт электрики,Механик
"Пока не поздно, механик, электрика на нуле, оживи!",Ремонт электрики,Механик
"Щит искрит, механик, почини!",Ремонт электрики,Механик
"Срочно, почини электрику, быстрее, механик!",Ремонт электрики,Механик
"Механик, кабель перегорел, замени!",Ремонт электрики,Механик
"Давай живее, механик, кабель перегорел, замени!",Ремонт электрики,Механик
"Пока не поздно, механик, восстанови питание срочно!",Ремонт электрики,Механик
"Механик, срочно, панель коротит, исправь электрику!",Ремонт электрики,Механик
"Запах гари? Тогда не жди, пока сгорит весь корабль, механик!",Ремонт электрики,Механик
"Проводка дымит, механик, действуй!",Ремонт электрики,Механик
"Механик, быстрее, свет гаснет — ты что, спишь? Включай резерв!",Ремонт электрики,Механик
"Механик, быстрее, предохранители сгорели — чини электрику!",Ремонт электрики,Механик
"Механик, срочно, электрика на нуле, оживи!",Ремонт электрики,Механик
"Пока не поздно, кабель перегорел, замени, механик!",Ремонт электрики,Механик
"Быстрее, кабель перегорел, замени, механик!",Ремонт электрики,Механик
"Электрика на нуле, механик, оживи!",Ремонт электрики,Механик
"Искры летят — не стой, механик, как дурак,чини электрику!",Ремонт электрики,Механик
"Механик, немедленно, проводка дымит, действуй!",Ремонт электрики,Механик
"Механик, запах гари? Тогда не жди, пока сгорит весь корабль!",Ремонт электрики,Механик
"Механик, срочно, проводка дымит, действуй!",Ремонт электрики,Механик
"Срочно, нам нужен свет, почини электрику, механик!",Ремонт электрики,Механик
"Механик, пока не поздно, кабель перегорел, замени!",Ремонт электрики,Механик
"Немедленно, кабель перегорел, замени, механик!",Ремонт электрики,Механик
"Механик, электрику чинить — это не пожелание, это приказ!",Ремонт электрики,Механик
"Свет гаснет — ты что, механик, спишь? Включай резерв!",Ремонт электрики,Механик
"Механик, немедленно, электрика на нуле, оживи!",Ремонт электрики,Механик
"Механик, немедленно, нам нужен свет, почини электрику!",Ремонт электрики,Механик
"Быстрее, электрика на нуле, оживи, механик!",Ремонт электрики,Механик
"Механик, немедленно, запах гари? Тогда не жди, пока сгорит весь корабль!",Ремонт электрики,Механик
"Быстрее, механик, восстанови питание срочно!",Ремонт электрики,Механик
"Срочно, панель коротит, исправь электрику, механик!",Ремонт электрики,Механик
"Давай живее, механик, электрика на нуле, оживи!",Ремонт электрики,Механик
"Механик, быстрее, восстанови питание срочно!",Ремонт электрики,Механик
"Механик, электрика на нуле, оживи!",Ремонт электрики,Механик
"Немедленно, электрика на нуле, оживи, механик!",Ремонт электрики,Механик
"Срочно, электрику чинить — это не пожелание, это приказ, механик!",Ремонт электрики,Механик
"Срочно, механик, это не фонарик, а жизненно важная система!",Ремонт электрики,Механик
"Механик, срочно, почини электрику, быстрее!",Ремонт электрики,Механик
"Срочно, кабель перегорел, замени, механик!",Ремонт электрики,Механик
"Механик, быстрее, это не фонарик, а жизненно важная система!",Ремонт электрики,Механик
"Щит искрит, почини, механик!",Ремонт электрики,Механик
"Быстрее, механик, электрику чинить — это не пожелание, это приказ!",Ремонт электрики,Механик
"Механик, пока не поздно, почини электрику, быстрее!",Ремонт электрики,Механик
"Давай живее, если не починишь электрику — мы все останемся в темноте. Навсегда., механик!",Ремонт электрики,Механик
"Пока не поздно, восстанови питание срочно, механик!",Ремонт электрики,Механик
"Немедленно, механик, нам нужен свет, почини электрику!",Ремонт электрики,Механик
"Искры летят — не стой, как дурак,чини электрику, механик!",Ремонт электрики,Механик
"Запах гари? Тогда не жди, пока сгорит весь корабль, помощник!",Ремонт электрики,Помощник
"Срочно, помощник, щит искрит, почини!",Ремонт электрики,Помощник
"Электрику чинить — это не пожелание, это приказ, помощник!",Ремонт электрики,Помощник
"Быстрее, предохранители сгорели — чини электрику, помощник!",Ремонт электрики,Помощник
"Помощник, давай живее, электрику чинить — это не пожелание, это приказ!",Ремонт электрики,Помощник
"Помощник, давай живее, электрика на нуле, оживи!",Ремонт электрики,Помощник
"Электрика на нуле, помощник, оживи!",Ремонт электрики,Помощник
"Быстрее, электрику чинить — это не пожелание, это приказ, помощник!",Ремонт электрики,Помощник
"Давай живее, щит искрит, почини, помощник!",Ремонт электрики,Помощник
"Срочно, помощник, электрика на нуле, оживи!",Ремонт электрики,Помощник
"Помощник, давай живее, запах гари? Тогда не жди, пока сгорит весь корабль!",Ремонт электрики,Помощник
"Помощник, срочно, нам нужен свет, почини электрику!",Ремонт электрики,Помощник
"Быстрее, проводка дымит, действуй, помощник!",Ремонт электрики,Помощник
"Срочно, кабель перегорел, замени, помощник!",Ремонт электрики,Помощник
"Помощник, это не фонарик, а жизненно важная система!",Ремонт электрики,Помощник
"Помощник, если не починишь электрику — мы все останемся в темноте. Навсегда.!",Ремонт электрики,Помощник
"Щит искрит, помощник, почини!",Ремонт электрики,Помощник
"Кабель перегорел, помощник, замени!",Ремонт электрики,Помощник
"Щит искрит, почини, помощник!",Ремонт электрики,Помощник
"Немедленно, помощник, предохранители сгорели — чини электрику!",Ремонт электрики,Помощник
"Пока не поздно, помощник, нам нужен свет, почини электрику!",Ремонт электрики,Помощник
"Помощник, немедленно, электрика на нуле, оживи!",Ремонт электрики,Помощник
"Давай живее, восстанови питание срочно, помощник!",Ремонт электрики,Помощник
"Помощник, быстрее, проводка дымит, действуй!",Ремонт электрики,Помощник
"Это не фонарик, а жизненно важная система, помощник!",Ремонт электрики,Помощник
"Немедленно, почини электрику, быстрее, помощник!",Ремонт электрики,Помощник
"Восстанови питание срочно, помощник!",Ремонт электрики,Помощник
"Свет гаснет — ты что, помощник, спишь? Включай резерв!",Ремонт электрики,Помощник
"Срочно, электрику чинить — это не пожелание, это приказ, помощник!",Ремонт электрики,Помощник
"Немедленно, электрика на нуле, оживи, помощник!",Ремонт электрики,Помощник
"Помощник, пока не поздно, искры летят — не стой, как дурак,чини электрику!",Ремонт электрики,Помощник
"Почини электрику, быстрее, помощник!",Ремонт электрики,Помощник
"Пока не поздно, панель коротит, исправь электрику, помощник!",Ремонт электрики,Помощник
"Нам нужен свет, помощник, почини электрику!",Ремонт электрики,Помощник
"Помощник, срочно, искры летят — не стой, как дурак,чини электрику!",Ремонт электрики,Помощник
"Немедленно, если не починишь электрику — мы все останемся в темноте. Навсегда., помощник!",Ремонт электрики,Помощник
"Немедленно, проводка дымит, действуй, помощник!",Ремонт электрики,Помощник
"Немедленно, помощник, электрика на нуле, оживи!",Ремонт электрики,Помощник
"Быстрее, помощник, восстанови питание срочно!",Ремонт электрики,Помощник
"Помощник, давай живее, это не фонарик, а жизненно важная система!",Ремонт электрики,Помощник
"Немедленно, восстанови питание срочно, помощник!",Ремонт электрики,Помощник
"Помощник, быстрее, электрика на нуле, оживи!",Ремонт электрики,Помощник
"Давай живее, почини электрику, быстрее, помощник!",Ремонт электрики,Помощник
"Пока не поздно, искры летят — не стой, как дурак,чини электрику, помощник!",Ремонт электрики,Помощник
"Помощник, пока не поздно, если не починишь электрику — мы все останемся в темноте. Навсегда.!",Ремонт электрики,Помощник
"Срочно, панель коротит, исправь электрику, помощник!",Ремонт электрики,Помощник
"Помощник, свет гаснет — ты что, спишь? Включай резерв!",Ремонт электрики,Помощник
"Помощник, немедленно, кабель перегорел, замени!",Ремонт электрики,Помощник
"Срочно, помощник, искры летят — не стой, как дурак,чини электрику!",Ремонт электрики,Помощник
"Немедленно, помощник, щит искрит, почини!",Ремонт электрики,Помощник
"Панель коротит, исправь электрику, помощник!",Ремонт электрики,Помощник
"Быстрее, нам нужен свет, почини электрику, помощник!",Ремонт электрики,Помощник
"Давай живее, помощник, предохранители сгорели — чини электрику!",Ремонт электрики,Помощник
"Помощник, нам нужен свет, почини электрику!",Ремонт электрики,Помощник
"Запах гари? Тогда не жди, помощник, пока сгорит весь корабль!",Ремонт электрики,Помощник
"Пока не поздно, помощник, электрику чинить — это не пожелание, это приказ!",Ремонт электрики,Помощник
"Помощник, восстанови питание срочно!",Ремонт электрики,Помощник
"Быстрее, помощник, панель коротит, исправь электрику!",Ремонт электрики,Помощник
"Помощник, немедленно, свет гаснет — ты что, спишь? Включай резерв!",Ремонт электрики,Помощник
"Помощник, давай живее, нам нужен свет, почини электрику!",Ремонт электрики,Помощник
"Помощник, быстрее, восстанови питание срочно!",Ремонт электрики,Помощник
"Электрику чинить — это не пожелание, помощник, это приказ!",Ремонт электрики,Помощник
"Срочно, щит искрит, почини, помощник!",Ремонт электрики,Помощник
"Давай живее, помощник, восстанови питание срочно!",Ремонт электрики,Помощник
"Это не фонарик, помощник, а жизненно важная система!",Ремонт электрики,Помощник
"Пока не поздно, помощник, запах гари? Тогда не жди, пока сгорит весь корабль!",Ремонт электрики,Помощник
"Помощник, электрику чинить — это не пожелание, это приказ!",Ремонт электрики,Помощник
"Немедленно, нам нужен свет, почини электрику, помощник!",Ремонт электрики,Помощник
"Кабель перегорел, замени, помощник!",Ремонт электрики,Помощник
"Быстрее, запах гари? Тогда не жди, пока сгорит весь корабль, помощник!",Ремонт электрики,Помощник
"Помощник, почини электрику, быстрее!",Ремонт электрики,Помощник
"Пока не поздно, помощник, если не починишь электрику — мы все останемся в темноте. Навсегда.!",Ремонт электрики,Помощник
"Немедленно, помощник, если не починишь электрику — мы все останемся в темноте. Навсегда.!",Ремонт электрики,Помощник
"Немедленно, помощник, проводка дымит, действуй!",Ремонт электрики,Помощник
"Помощник, проводка дымит, действуй!",Ремонт электрики,Помощник
"Помощник, немедленно, электрику чинить — это не пожелание, это приказ!",Ремонт электрики,Помощник
"Давай живее, предохранители сгорели — чини электрику, помощник!",Ремонт электрики,Помощник
"Помощник, пока не поздно, почини электрику, быстрее!",Ремонт электрики,Помощник
"Давай живее, нам нужен свет, почини электрику, помощник!",Ремонт электрики,Помощник
"Помощник, срочно, запах гари? Тогда не жди, пока сгорит весь корабль!",Ремонт электрики,Помощник
"Если не починишь электрику — мы все останемся в темноте. Навсегда., помощник!",Ремонт электрики,Помощник
"Немедленно, помощник, почини электрику, быстрее!",Ремонт электрики,Помощник
"Давай живее, запах гари? Тогда не жди, пока сгорит весь корабль, помощник!",Ремонт электрики,Помощник
"Помощник, щит искрит, почини!",Ремонт электрики,Помощник
"Немедленно, помощник, нам нужен свет, почини электрику!",Ремонт электрики,Помощник
"Помощник, срочно, проводка дымит, действуй!",Ремонт электрики,Помощник
"Пока не поздно, электрику чинить — это не пожелание, это приказ, помощник!",Ремонт электрики,Помощник
"Помощник, пока не поздно, кабель перегорел, замени!",Ремонт электрики,Помощник
"Помощник, быстрее, запах гари? Тогда не жди, пока сгорит весь корабль!",Ремонт электрики,Помощник
"Срочно, помощник, запах гари? Тогда не жди, пока сгорит весь корабль!",Ремонт электрики,Помощник
"Срочно, помощник, если не починишь электрику — мы все останемся в темноте. Навсегда.!",Ремонт электрики,Помощник
"Пока не поздно, это не фонарик, а жизненно важная система, помощник!",Ремонт электрики,Помощник
"Помощник, давай живее, щит искрит, почини!",Ремонт электрики,Помощник
"Пока не поздно, нам нужен свет, почини электрику, помощник!",Ремонт электрики,Помощник
"Пока не поздно, помощник, искры летят — не стой, как дурак,чини электрику!",Ремонт электрики,Помощник
"Помощник, срочно, кабель перегорел, замени!",Ремонт электрики,Помощник
"Помощник, запах гари? Тогда не жди, пока сгорит весь корабль!",Ремонт электрики,Помощник
"Давай живее, помощник, почини электрику, быстрее!",Ремонт электрики,Помощник
"Немедленно, запах гари? Тогда не жди, пока сгорит весь корабль, помощник!",Ремонт электрики,Помощник
"Быстрее, помощник, запах гари? Тогда не жди, пока сгорит весь корабль!",Ремонт электрики,Помощник
"Все, давайте, быстрее, если не починишь электрику — мы все останемся в темноте. навсегда.!",Ремонт электрики,all
"Команда, срочно, давай живее, почини электрику, быстрее!",Ремонт электрики,all
"Экипаж, бегом, нам нужен свет, почини электрику!",Ремонт электрики,all
"Ребят, срочно, это не фонарик, а жизненно важная система!",Ремонт электрики,all
"Всем внимание, электрика на нуле, оживи!",Ремонт электрики,all
"Народ, срочно, немедленно, запах гари? тогда не жди, пока сгорит весь корабль!",Ремонт электрики,all
"Экипаж, бегом, быстрее, это не фонарик, а жизненно важная система!",Ремонт электрики,all
"Команда, действуйте, срочно, почини электрику, быстрее!",Ремонт электрики,all
"Всем внимание, нам нужен свет, почини электрику!",Ремонт электрики,all
"Экипаж, бегом, запах гари? тогда не жди, пока сгорит весь корабль!",Ремонт электрики,all
"Всем внимание, немедленно, проводка дымит, действуй!",Ремонт электрики,all
"Команда, действуйте, быстрее, почини электрику, быстрее!",Ремонт электрики,all
"Народ, срочно, если не починишь электрику — мы все останемся в темноте. навсегда.!",Ремонт электрики,all
"Всем, немедленно, давай живее, нам нужен свет, почини электрику!",Ремонт электрики,all
"Всем внимание, проводка дымит, действуй!",Ремонт электрики,all
"Всем внимание, быстрее, проводка дымит, действуй!",Ремонт электрики,all
"Команда, действуйте, срочно, предохранители сгорели — чини электрику!",Ремонт электрики,all
"Слушайте все, давай живее, искры летят — не стой, как дурак,чини электрику!",Ремонт электрики,all
"Все, давайте, немедленно, нам нужен свет, почини электрику!",Ремонт электрики,all
"Экипаж, бегом, давай живее, щит искрит, почини!",Ремонт электрики,all
"Народ, срочно, немедленно, кабель перегорел, замени!",Ремонт электрики,all
"Народ, срочно, быстрее, электрику чинить — это не пожелание, это приказ!",Ремонт электрики,all
"Всем внимание, быстрее, это не фонарик, а жизненно важная система!",Ремонт электрики,all
"Все, давайте, срочно, искры летят — не стой, как дурак,чини электрику!",Ремонт электрики,all
"Команда, живее, если не починишь электрику — мы все останемся в темноте. навсегда.!",Ремонт электрики,all
"Слушайте все, срочно, почини электрику, быстрее!",Ремонт электрики,all
"Слушайте все, быстрее, проводка дымит, действуй!",Ремонт электрики,all
"Экипаж, чёрт, немедленно, электрику чинить — это не пожелание, это приказ!",Ремонт электрики,all
"Экипаж, срочно, восстанови питание срочно!",Ремонт электрики,all
"Народ, срочно, срочно, электрику чинить — это не пожелание, это приказ!",Ремонт электрики,all
"Ребята, быстро, кабель перегорел, замени!",Ремонт электрики,all
"Весь экипаж, срочно, электрика на нуле, оживи!",Ремонт электрики,all
"Команда, живее, немедленно, предохранители сгорели — чини электрику!",Ремонт электрики,all
"Народ, срочно, быстрее, если не починишь электрику — мы все останемся в темноте. навсегда.!",Ремонт электрики,all
"Команда, действуйте, если не починишь электрику — мы все останемся в темноте. навсегда.!",Ремонт электрики,all
"Экипаж, чёрт, пока не поздно, электрика на нуле, оживи!",Ремонт электрики,all
"Весь экипаж, искры летят — не стой, как дурак,чини электрику!",Ремонт электрики,all
"Всех по местам, проводка дымит, действуй!",Ремонт электрики,all
"Экипаж, чёрт, срочно, это не фонарик, а жизненно важная система!",Ремонт электрики,all
"Команда, живее, давай живее, искры летят — не стой, как дурак,чини электрику!",Ремонт электрики,all
"Команда, действуйте, быстрее, это не фонарик, а жизненно важная система!",Ремонт электрики,all
"Народ, срочно, немедленно, нам нужен свет, почини электрику!",Ремонт электрики,all
"Все, давайте, кабель перегорел, замени!",Ремонт электрики,all
"Экипаж, чёрт, свет гаснет — ты что, спишь? включай резерв!",Ремонт электрики,all
"Команда, действуйте, это не фонарик, а жизненно важная система!",Ремонт электрики,all
"Всем, немедленно, если не починишь электрику — мы все останемся в темноте. навсегда.!",Ремонт электрики,all
"Всем, немедленно, свет гаснет — ты что, спишь? включай резерв!",Ремонт электрики,all
"Ребята, быстро, пока не поздно, предохранители сгорели — чини электрику!",Ремонт электрики,all
"Ребята, быстро, быстрее, восстанови питание срочно!",Ремонт электрики,all
"Команда, живее, немедленно, запах гари? тогда не жди, пока сгорит весь корабль!",Ремонт электрики,all
"Всем внимание, давай живее, это не фонарик, а жизненно важная система!",Ремонт электрики,all
"Всем, немедленно, быстрее, запах гари? тогда не жди, пока сгорит весь корабль!",Ремонт электрики,all
"Команда, действуйте, давай живее, кабель перегорел, замени!",Ремонт электрики,all
"Команда, срочно, срочно, электрику чинить — это не пожелание, это приказ!",Ремонт электрики,all
"Команда, срочно, пока не поздно, электрику чинить — это не пожелание, это приказ!",Ремонт электрики,all
"Ребят, срочно, нам нужен свет, почини электрику!",Ремонт электрики,all
"Команда, живее, быстрее, панель коротит, исправь электрику!",Ремонт электрики,all
"Всем, немедленно, пока не поздно, проводка дымит, действуй!",Ремонт электрики,all
"Команда, живее, быстрее, свет гаснет — ты что, спишь? включай резерв!",Ремонт электрики,all
"Все, давайте, пока не поздно, проводка дымит, действуй!",Ремонт электрики,all
"Команда, срочно, срочно, почини электрику, быстрее!",Ремонт электрики,all
"Всем, немедленно, немедленно, кабель перегорел, замени!",Ремонт электрики,all
"Все, давайте, срочно, электрика на нуле, оживи!",Ремонт электрики,all
"Слушайте все, почини электрику, быстрее!",Ремонт электрики,all
"Экипаж, срочно, пока не поздно, кабель перегорел, замени!",Ремонт электрики,all
"Всем, немедленно, кабель перегорел, замени!",Ремонт электрики,all
"Экипаж, бегом, давай живее, восстанови питание срочно!",Ремонт электрики,all
"Команда, живее, немедленно, почини электрику, быстрее!",Ремонт электрики,all
"Всех по местам, немедленно, почини электрику, быстрее!",Ремонт электрики,all
"Команда, срочно, быстрее, почини электрику, быстрее!",Ремонт электрики,all
"Экипаж, бегом, искры летят — не стой, как дурак,чини электрику!",Ремонт электрики,all
"Всем, немедленно, срочно, щит искрит, почини!",Ремонт электрики,all
"Всем внимание, быстрее, панель коротит, исправь электрику!",Ремонт электрики,all
"Народ, срочно, быстрее, электрика на нуле, оживи!",Ремонт электрики,all
"Экипаж, бегом, срочно, панель коротит, исправь электрику!",Ремонт электрики,all
"Экипаж, чёрт, срочно, электрика на нуле, оживи!",Ремонт электрики,all
"Всем внимание, панель коротит, исправь электрику!",Ремонт электрики,all
"Всех по местам, быстрее, проводка дымит, действуй!",Ремонт электрики,all
"Экипаж, бегом, пока не поздно, проводка дымит, действуй!",Ремонт электрики,all
"Всем, немедленно, немедленно, щит искрит, почини!",Ремонт электрики,all
"Экипаж, чёрт, искры летят — не стой, как дурак,чини электрику!",Ремонт электрики,all
"Команда, срочно, почини электрику, быстрее!",Ремонт электрики,all
"Всем, немедленно, быстрее, проводка дымит, действуй!",Ремонт электрики,all
"Всех по местам, давай живее, если не починишь электрику — мы все останемся в темноте. навсегда.!",Ремонт электрики,all
"Все, давайте, искры летят — не стой, как дурак,чини электрику!",Ремонт электрики,all
"Все, давайте, давай живее, если не починишь электрику — мы все останемся в темноте. навсегда.!",Ремонт электрики,all
"Слушайте все, давай живее, предохранители сгорели — чини электрику!",Ремонт электрики,all
"Всем, немедленно, быстрее, восстанови питание срочно!",Ремонт электрики,all
"Весь экипаж, немедленно, почини электрику, быстрее!",Ремонт электрики,all
"Команда, живее, срочно, предохранители сгорели — чини электрику!",Ремонт электрики,all
"Весь экипаж, срочно, нам нужен свет, почини электрику!",Ремонт электрики,all
"Народ, срочно, немедленно, это не фонарик, а жизненно важная система!",Ремонт электрики,all
"Команда, срочно, срочно, свет гаснет — ты что, спишь? включай резерв!",Ремонт электрики,all
"Команда, срочно, немедленно, предохранители сгорели — чини электрику!",Ремонт электрики,all
"Команда, живее, пока не поздно, запах гари? тогда не жди, пока сгорит весь корабль!",Ремонт электрики,all
"Все, давайте, пока не поздно, предохранители сгорели — чини электрику!",Ремонт электрики,all
"Команда, срочно, давай живее, кабель перегорел, замени!",Ремонт электрики,all
"Экипаж, чёрт, быстрее, искры летят — не стой, как дурак,чини электрику!",Ремонт электрики,all
"Народ, срочно, нам нужен свет, почини электрику!",Ремонт электрики,all
"Ребят, срочно, пока не поздно, свет гаснет — ты что, спишь? включай резерв!",Ремонт электрики,all
"Срочно, кто рядом, быстрее, щит искрит, почини!",Ремонт электрики,near
"Эй, кто рядом, электрика на нуле, оживи!",Ремонт электрики,near
"Кто ближе, делай, давай живее, почини электрику, быстрее!",Ремонт электрики,near
"Эй, кто рядом, срочно, электрику чинить — это не пожелание, это приказ!",Ремонт электрики,near
"Кто на связи, восстанови питание срочно!",Ремонт электрики,near
"Кто здесь, быстро, немедленно, предохранители сгорели — чини электрику!",Ремонт электрики,near
"Кто недалеко, нам нужен свет, почини электрику!",Ремонт электрики,near
"Кто недалеко, давай живее, это не фонарик, а жизненно важная система!",Ремонт электрики,near
"Эй, ты рядом, кабель перегорел, замени!",Ремонт электрики,near
"Эй, кто-то рядом, запах гари? тогда не жди, пока сгорит весь корабль!",Ремонт электрики,near
"Кто поблизости, пока не поздно, панель коротит, исправь электрику!",Ремонт электрики,near
"Кто здесь рядом, немедленно, проводка дымит, действуй!",Ремонт электрики,near
"Кто здесь, быстро, давай живее, проводка дымит, действуй!",Ремонт электрики,near
"Кто ближе всех, срочно, электрику чинить — это не пожелание, это приказ!",Ремонт электрики,near
"Кто ближе всех, быстрее, электрику чинить — это не пожелание, это приказ!",Ремонт электрики,near
"Кто здесь, быстро, пока не поздно, искры летят — не стой, как дурак,чини электрику!",Ремонт электрики,near
"Эй, ты рядом, быстрее, восстанови питание срочно!",Ремонт электрики,near
"Кто на связи, щит искрит, почини!",Ремонт электрики,near
"Кто здесь рядом, немедленно, щит искрит, почини!",Ремонт электрики,near
"Эй, ближайший, быстрее, искры летят — не стой, как дурак,чини электрику!",Ремонт электрики,near
"Эй, кто-то рядом, немедленно, проводка дымит, действуй!",Ремонт электрики,near
"Эй, ближайший, быстрее, свет гаснет — ты что, спишь? включай резерв!",Ремонт электрики,near
"Эй, кто-то рядом, восстанови питание срочно!",Ремонт электрики,near
"Кто ближе, делай, немедленно, если не починишь электрику — мы все останемся в темноте. навсегда.!",Ремонт электрики,near
"Кто ближе, делай, быстрее, панель коротит, исправь электрику!",Ремонт электрики,near
"Кто здесь рядом, давай живее, искры летят — не стой, как дурак,чини электрику!",Ремонт электрики,near
"Эй, ближайший, немедленно, электрика на нуле, оживи!",Ремонт электрики,near
"Кто недалеко, быстрее, предохранители сгорели — чини электрику!",Ремонт электрики,near
"Эй, кто-то рядом, быстрее, это не фонарик, а жизненно важная система!",Ремонт электрики,near
"Кто недалеко, немедленно, нам нужен свет, почини электрику!",Ремонт электрики,near
"Эй, кто-то рядом, срочно, почини электрику, быстрее!",Ремонт электрики,near
"Эй, кто-то рядом, это не фонарик, а жизненно важная система!",Ремонт электрики,near
"Эй, кто-то рядом, немедленно, восстанови питание срочно!",Ремонт электрики,near
"Кто поблизости, пока не поздно, нам нужен свет, почини электрику!",Ремонт электрики,near
"Кто ближе всех, электрику чинить — это не пожелание, это приказ!",Ремонт электрики,near
"Кто недалеко, пока не поздно, если не починишь электрику — мы все останемся в темноте. навсегда.!",Ремонт электрики,near
"Кто здесь, быстро, нам нужен свет, почини электрику!",Ремонт электрики,near
"Кто на связи, давай живее, электрику чинить — это не пожелание, это приказ!",Ремонт электрики,near
"Кто ближе всех, предохранители сгорели — чини электрику!",Ремонт электрики,near
"Эй, ближайший, немедленно, электрику чинить — это не пожелание, это приказ!",Ремонт электрики,near
"Кто на связи, пока не поздно, электрику чинить — это не пожелание, это приказ!",Ремонт электрики,near
"Кто здесь, быстро, давай живее, искры летят — не стой, как дурак,чини электрику!",Ремонт электрики,near
"Подойди, быстро, срочно, панель коротит, исправь электрику!",Ремонт электрики,near
"Эй, ты рядом, срочно, щит искрит, почини!",Ремонт электрики,near
"Эй, ты рядом, срочно, нам нужен свет, почини электрику!",Ремонт электрики,near
"Подойди, быстро, срочно, нам нужен свет, почини электрику!",Ремонт электрики,near
"Эй, ближайший, давай живее, панель коротит, исправь электрику!",Ремонт электрики,near
"Эй, кто-то рядом, почини электрику, быстрее!",Ремонт электрики,near
"Кто недалеко, срочно, если не починишь электрику — мы все останемся в темноте. навсегда.!",Ремонт электрики,near
"Кто на связи, если не починишь электрику — мы все останемся в темноте. навсегда.!",Ремонт электрики,near
"Кто ближе всех, пока не поздно, электрику чинить — это не пожелание, это приказ!",Ремонт электрики,near
"Кто поблизости, нам нужен свет, почини электрику!",Ремонт электрики,near
"Кто на связи, пока не поздно, панель коротит, исправь электрику!",Ремонт электрики,near
"Срочно, кто рядом, немедленно, нам нужен свет, почини электрику!",Ремонт электрики,near
"Кто недалеко, быстрее, это не фонарик, а жизненно важная система!",Ремонт электрики,near
"Кто поблизости, немедленно, электрика на нуле, оживи!",Ремонт электрики,near
"Срочно, кто рядом, пока не поздно, панель коротит, исправь электрику!",Ремонт электрики,near
"Кто поблизости, проводка дымит, действуй!",Ремонт электрики,near
"Кто ближе всех, немедленно, запах гари? тогда не жди, пока сгорит весь корабль!",Ремонт электрики,near
"Кто ближе, делай, срочно, электрику чинить — это не пожелание, это приказ!",Ремонт электрики,near
"Кто ближе, делай, быстрее, проводка дымит, действуй!",Ремонт электрики,near
"Эй, кто рядом, давай живее, свет гаснет — ты что, спишь? включай резерв!",Ремонт электрики,near
"Кто ближе, делай, давай живее, электрика на нуле, оживи!",Ремонт электрики,near
"Срочно, кто рядом, пока не поздно, нам нужен свет, почини электрику!",Ремонт электрики,near
"Эй, ты рядом, пока не поздно, это не фонарик, а жизненно важная система!",Ремонт электрики,near
"Срочно, кто рядом, искры летят — не стой, как дурак,чини электрику!",Ремонт электрики,near
"Эй, ближайший, давай живее, электрика на нуле, оживи!",Ремонт электрики,near
"Кто здесь, быстро, пока не поздно, это не фонарик, а жизненно важная система!",Ремонт электрики,near
"Подойди, быстро, пока не поздно, кабель перегорел, замени!",Ремонт электрики,near
"Кто здесь, быстро, пока не поздно, восстанови питание срочно!",Ремонт электрики,near
"Эй, кто рядом, быстрее, восстанови питание срочно!",Ремонт электрики,near
"Кто здесь, быстро, давай живее, предохранители сгорели — чини электрику!",Ремонт электрики,near
"Эй, ты рядом, срочно, электрика на нуле, оживи!",Ремонт электрики,near
"Эй, ты рядом, давай живее, проводка дымит, действуй!",Ремонт электрики,near
"Кто ближе всех, давай живее, запах гари? тогда не жди, пока сгорит весь корабль!",Ремонт электрики,near
"Кто на связи, пока не поздно, почини электрику, быстрее!",Ремонт электрики,near
"Эй, кто рядом, пока не поздно, это не фонарик, а жизненно важная система!",Ремонт электрики,near
"Эй, кто рядом, панель коротит, исправь электрику!",Ремонт электрики,near
"Кто поблизости, давай живее, восстанови питание срочно!",Ремонт электрики,near
"Срочно, кто рядом, пока не поздно, свет гаснет — ты что, спишь? включай резерв!",Ремонт электрики,near
"Кто недалеко, немедленно, электрика на нуле, оживи!",Ремонт электрики,near
"Эй, кто рядом, немедленно, кабель перегорел, замени!",Ремонт электрики,near
"Кто здесь рядом, срочно, щит искрит, почини!",Ремонт электрики,near
"Срочно, кто рядом, срочно, искры летят — не стой, как дурак,чини электрику!",Ремонт электрики,near
"Кто здесь рядом, искры летят — не стой, как дурак,чини электрику!",Ремонт электрики,near
"Подойди, быстро, предохранители сгорели — чини электрику!",Ремонт электрики,near
"Кто здесь, быстро, срочно, если не починишь электрику — мы все останемся в темноте. навсегда.!",Ремонт электрики,near
"Эй, ты рядом, быстрее, нам нужен свет, почини электрику!",Ремонт электрики,near
"Эй, кто рядом, срочно, восстанови питание срочно!",Ремонт электрики,near
"Подойди, быстро, восстанови питание срочно!",Ремонт электрики,near
"Кто ближе, делай, восстанови питание срочно!",Ремонт электрики,near
"Эй, кто рядом, срочно, кабель перегорел, замени!",Ремонт электрики,near
"Эй, ты рядом, пока не поздно, щит искрит, почини!",Ремонт электрики,near
"Кто недалеко, срочно, нам нужен свет, почини электрику!",Ремонт электрики,near
"Кто недалеко, восстанови питание срочно!",Ремонт электрики,near
"Кто на связи, пока не поздно, запах гари? тогда не жди, пока сгорит весь корабль!",Ремонт электрики,near
"Кто ближе, делай, давай живее, кабель перегорел, замени!",Ремонт электрики,near
"Кто здесь, быстро, срочно, щит искрит, почини!",Ремонт электрики,near
"Кто ближе всех, это не фонарик, а жизненно важная система!",Ремонт электрики,near
"Срочно, кто рядом, давай живее, это не фонарик, а жизненно важная система!",Ремонт электрики,near
"Немедленно, капитан, энергия — это наша кровь. Включи её!",Включение реактора,Капитан
"Капитан, кукумбер в отключке — включи, иначе мы превратимся в ледяные скульптуры!",Включение реактора,Капитан
"Немедленно, энергия на нуле, включи реактор, капитан!",Включение реактора,Капитан
"Немедленно, капитан, кукумбер в отключке — включи, иначе мы превратимся в ледяные скульптуры!",Включение реактора,Капитан
"Реактор заглох, запускай, капитан!",Включение реактора,Капитан
"Капитан, нам нужна энергия, а не тишина и смерть!",Включение реактора,Капитан
"Срочно, энергия — это наша кровь. Включи её, капитан!",Включение реактора,Капитан
"Срочно, кукумбер в отключке — включи, иначе мы превратимся в ледяные скульптуры, капитан!",Включение реактора,Капитан
"Реактор заглох, капитан, запускай!",Включение реактора,Капитан
"Если реактор не запустится — мы не доживём до следующей станции, капитан!",Включение реактора,Капитан
"Кукумбер в отключке — включи, капитан, иначе мы превратимся в ледяные скульптуры!",Включение реактора,Капитан
"Пока не поздно, энергия на нуле, включи реактор, капитан!",Включение реактора,Капитан
"Капитан, быстрее, кукумбер, проснись!",Включение реактора,Капитан
"Кукумбер, капитан, проснись!",Включение реактора,Капитан
"Капитан, пока не поздно, включи реактор, срочно!",Включение реактора,Капитан
"Немедленно, кукумбер в отключке — включи, иначе мы превратимся в ледяные скульптуры, капитан!",Включение реактора,Капитан
"Возобнови работу реактора, капитан!",Включение реактора,Капитан
"Капитан, немедленно, нам нужна энергия, а не тишина и смерть!",Включение реактора,Капитан
"Немедленно, капитан, подай энергию, быстро!",Включение реактора,Капитан
"Капитан, запусти реактор, или я сам влезу и дам по голове!",Включение реактора,Капитан
"Капитан, давай живее, энергия — это наша кровь. Включи её!",Включение реактора,Капитан
"Немедленно, капитан, реактор заглох, запускай!",Включение реактора,Капитан
"Срочно, капитан, реактор спит — разбуди его, пока не замёрзли!",Включение реактора,Капитан
"Капитан, давай живее, реактор заглох, запускай!",Включение реактора,Капитан
"Немедленно, капитан, нам нужна энергия, а не тишина и смерть!",Включение реактора,Капитан
"Быстрее, капитан, подай энергию, быстро!",Включение реактора,Капитан
"Срочно, капитан, кукумбер в отключке — включи, иначе мы превратимся в ледяные скульптуры!",Включение реактора,Капитан
"Капитан, немедленно, подай энергию, быстро!",Включение реактора,Капитан
"Капитан, энергия на нуле, включи реактор!",Включение реактора,Капитан
"Быстрее, возобнови работу реактора, капитан!",Включение реактора,Капитан
"Капитан, подай энергию, быстро!",Включение реактора,Капитан
"Подай энергию, быстро, капитан!",Включение реактора,Капитан
"Капитан, давай живее, возобнови работу реактора!",Включение реактора,Капитан
Возобнови работу реактора!,Включение реактора,Капитан
"Капитан, давай живее, нам нужна энергия, а не тишина и смерть!",Включение реактора,Капитан
"Немедленно, капитан, запусти реактор, или я сам влезу и дам по голове!",Включение реактора,Капитан
"Немедленно, капитан, активируй кукумбер!",Включение реактора,Капитан
"Энергия на нуле, капитан, включи реактор!",Включение реактора,Капитан
"Капитан, немедленно, возобнови работу реактора!",Включение реактора,Капитан
"Кукумбер, проснись, капитан!",Включение реактора,Капитан
"Капитан, реактор спит — разбуди его, пока не замёрзли!",Включение реактора,Капитан
"Капитан, срочно, включи реактор, срочно!",Включение реактора,Капитан
"Капитан, немедленно, энергия на нуле, включи реактор!",Включение реактора,Капитан
"Пока не поздно, капитан, запусти реактор, или я сам влезу и дам по голове!",Включение реактора,Капитан
"Капитан, быстрее, возобнови работу реактора!",Включение реактора,Капитан
"Капитан, активируй кукумбер!",Включение реактора,Капитан
"Немедленно, капитан, энергия на нуле, включи реактор!",Включение реактора,Капитан
"Капитан, немедленно, кукумбер в отключке — включи, иначе мы превратимся в ледяные скульптуры!",Включение реактора,Капитан
"Давай живее, капитан, нам нужна энергия, а не тишина и смерть!",Включение реактора,Капитан
"Давай живее, если реактор не запустится — мы не доживём до следующей станции, капитан!",Включение реактора,Капитан
"Пока не поздно, капитан, реактор спит — разбуди его, пока не замёрзли!",Включение реактора,Капитан
"Пока не поздно, активируй кукумбер, капитан!",Включение реактора,Капитан
"Реактор спит — разбуди его, капитан, пока не замёрзли!",Включение реактора,Капитан
"Немедленно, реактор спит — разбуди его, пока не замёрзли, капитан!",Включение реактора,Капитан
"Пока не поздно, капитан, реактор заглох, запускай!",Включение реактора,Капитан
"Быстрее, подай энергию, быстро, капитан!",Включение реактора,Капитан
"Быстрее, капитан, энергия на нуле, включи реактор!",Включение реактора,Капитан
"Капитан, если реактор не запустится — мы не доживём до следующей станции!",Включение реактора,Капитан
"Давай живее, энергия на нуле, включи реактор, капитан!",Включение реактора,Капитан
"Капитан, давай живее, активируй кукумбер!",Включение реактора,Капитан
"Немедленно, капитан, реактор спит — разбуди его, пока не замёрзли!",Включение реактора,Капитан
"Быстрее, капитан, кукумбер в отключке — включи, иначе мы превратимся в ледяные скульптуры!",Включение реактора,Капитан
"Капитан, срочно, активируй кукумбер!",Включение реактора,Капитан
"Быстрее, нам нужна энергия, а не тишина и смерть, капитан!",Включение реактора,Капитан
"Немедленно, включи реактор, срочно, капитан!",Включение реактора,Капитан
"Быстрее, реактор заглох, запускай, капитан!",Включение реактора,Капитан
"Срочно, капитан, реактор заглох, запускай!",Включение реактора,Капитан
"Быстрее, капитан, активируй кукумбер!",Включение реактора,Капитан
"Нам нужна энергия, а не тишина и смерть, капитан!",Включение реактора,Капитан
"Давай живее, капитан, включи реактор, срочно!",Включение реактора,Капитан
"Давай живее, кукумбер, проснись, капитан!",Включение реактора,Капитан
"Быстрее, капитан, кукумбер, проснись!",Включение реактора,Капитан
"Давай живее, энергия — это наша кровь. Включи её, капитан!",Включение реактора,Капитан
"Пока не поздно, капитан, возобнови работу реактора!",Включение реактора,Капитан
Энергия — это наша кровь. Включи её!,Включение реактора,Капитан
"Пока не поздно, энергия — это наша кровь. Включи её, капитан!",Включение реактора,Капитан
"Реактор спит — разбуди его, пока не замёрзли, капитан!",Включение реактора,Капитан
"Запусти реактор, капитан, или я сам влезу и дам по голове!",Включение реактора,Капитан
"Капитан, пока не поздно, реактор спит — разбуди его, пока не замёрзли!",Включение реактора,Капитан
"Давай живее, активируй кукумбер, капитан!",Включение реактора,Капитан
"Кукумбер в отключке — включи, иначе мы превратимся в ледяные скульптуры, капитан!",Включение реактора,Капитан
"Срочно, капитан, возобнови работу реактора!",Включение реактора,Капитан
"Срочно, капитан, нам нужна энергия, а не тишина и смерть!",Включение реактора,Капитан
"Капитан, быстрее, активируй кукумбер!",Включение реактора,Капитан
"Срочно, капитан, активируй кукумбер!",Включение реактора,Капитан
"Срочно, капитан, кукумбер, проснись!",Включение реактора,Капитан
"Включи реактор, срочно, капитан!",Включение реактора,Капитан
"Капитан, срочно, реактор спит — разбуди его, пока не замёрзли!",Включение реактора,Капитан
"Быстрее, капитан, включи реактор, срочно!",Включение реактора,Капитан
"Немедленно, энергия — это наша кровь. Включи её, капитан!",Включение реактора,Капитан
"Быстрее, включи реактор, срочно, капитан!",Включение реактора,Капитан
"Капитан, давай живее, кукумбер в отключке — включи, иначе мы превратимся в ледяные скульптуры!",Включение реактора,Капитан
"Капитан, быстрее, энергия на нуле, включи реактор!",Включение реактора,Капитан
"Срочно, энергия на нуле, включи реактор, капитан!",Включение реактора,Капитан
"Пока не поздно, капитан, активируй кукумбер!",Включение реактора,Капитан
"Давай живее, кукумбер в отключке — включи, иначе мы превратимся в ледяные скульптуры, капитан!",Включение реактора,Капитан
Если реактор не запустится — мы не доживём до следующей станции!,Включение реактора,Капитан
"Немедленно, возобнови работу реактора, капитан!",Включение реактора,Капитан
"Капитан, пока не поздно, запусти реактор, или я сам влезу и дам по голове!",Включение реактора,Капитан
"Капитан, срочно, реактор заглох, запускай!",Включение реактора,Капитан
"Реактор заглох, запускай, охранник!",Включение реактора,Охранник
"Немедленно, охранник, активируй кукумбер!",Включение реактора,Охранник
"Быстрее, активируй кукумбер, охранник!",Включение реактора,Охранник
"Быстрее, охранник, реактор спит — разбуди его, пока не замёрзли!",Включение реактора,Охранник
"Немедленно, нам нужна энергия, а не тишина и смерть, охранник!",Включение реактора,Охранник
"Срочно, активируй кукумбер, охранник!",Включение реактора,Охранник
"Охранник, пока не поздно, запусти реактор, или я сам влезу и дам по голове!",Включение реактора,Охранник
"Быстрее, охранник, активируй кукумбер!",Включение реактора,Охранник
"Кукумбер, охранник, проснись!",Включение реактора,Охранник
"Давай живее, кукумбер, проснись, охранник!",Включение реактора,Охранник
"Срочно, энергия на нуле, включи реактор, охранник!",Включение реактора,Охранник
"Охранник, пока не поздно, активируй кукумбер!",Включение реактора,Охранник
"Охранник, нам нужна энергия, а не тишина и смерть!",Включение реактора,Охранник
"Быстрее, включи реактор, срочно, охранник!",Включение реактора,Охранник
"Охранник, срочно, если реактор не запустится — мы не доживём до следующей станции!",Включение реактора,Охранник
"Охранник, пока не поздно, кукумбер, проснись!",Включение реактора,Охранник
"Кукумбер, проснись, охранник!",Включение реактора,Охранник
"Охранник, быстрее, запусти реактор, или я сам влезу и дам по голове!",Включение реактора,Охранник
"Немедленно, охранник, энергия — это наша кровь. Включи её!",Включение реактора,Охранник
"Охранник, давай живее, активируй кукумбер!",Включение реактора,Охранник
"Быстрее, охранник, реактор заглох, запускай!",Включение реактора,Охранник
"Срочно, кукумбер в отключке — включи, иначе мы превратимся в ледяные скульптуры, охранник!",Включение реактора,Охранник
"Быстрее, если реактор не запустится — мы не доживём до следующей станции, охранник!",Включение реактора,Охранник
"Немедленно, охранник, реактор спит — разбуди его, пока не замёрзли!",Включение реактора,Охранник
"Охранник, реактор спит — разбуди его, пока не замёрзли!",Включение реактора,Охранник
"Давай живее, охранник, запусти реактор, или я сам влезу и дам по голове!",Включение реактора,Охранник
"Охранник, кукумбер в отключке — включи, иначе мы превратимся в ледяные скульптуры!",Включение реактора,Охранник
"Немедленно, охранник, нам нужна энергия, а не тишина и смерть!",Включение реактора,Охранник
"Охранник, срочно, возобнови работу реактора!",Включение реактора,Охранник
"Срочно, реактор спит — разбуди его, пока не замёрзли, охранник!",Включение реактора,Охранник
"Пока не поздно, охранник, реактор заглох, запускай!",Включение реактора,Охранник
"Охранник, срочно, кукумбер в отключке — включи, иначе мы превратимся в ледяные скульптуры!",Включение реактора,Охранник
"Пока не поздно, возобнови работу реактора, охранник!",Включение реактора,Охранник
"Запусти реактор, или я сам влезу и дам по голове, охранник!",Включение реактора,Охранник
"Быстрее, охранник, энергия на нуле, включи реактор!",Включение реактора,Охранник
"Срочно, охранник, подай энергию, быстро!",Включение реактора,Охранник
"Давай живее, включи реактор, срочно, охранник!",Включение реактора,Охранник
"Пока не поздно, кукумбер, проснись, охранник!",Включение реактора,Охранник
"Немедленно, кукумбер в отключке — включи, иначе мы превратимся в ледяные скульптуры, охранник!",Включение реактора,Охранник
"Активируй кукумбер, охранник!",Включение реактора,Охранник
"Реактор спит — разбуди его, охранник, пока не замёрзли!",Включение реактора,Охранник
"Немедленно, запусти реактор, или я сам влезу и дам по голове, охранник!",Включение реактора,Охранник
"Немедленно, включи реактор, срочно, охранник!",Включение реактора,Охранник
"Быстрее, охранник, кукумбер, проснись!",Включение реактора,Охранник
"Давай живее, энергия — это наша кровь. Включи её, охранник!",Включение реактора,Охранник
"Немедленно, реактор спит — разбуди его, пока не замёрзли, охранник!",Включение реактора,Охранник
"Срочно, охранник, возобнови работу реактора!",Включение реактора,Охранник
"Охранник, давай живее, включи реактор, срочно!",Включение реактора,Охранник
"Пока не поздно, охранник, запусти реактор, или я сам влезу и дам по голове!",Включение реактора,Охранник
"Немедленно, охранник, кукумбер, проснись!",Включение реактора,Охранник
"Пока не поздно, энергия на нуле, включи реактор, охранник!",Включение реактора,Охранник
"Охранник, немедленно, подай энергию, быстро!",Включение реактора,Охранник
Активируй кукумбер!,Включение реактора,Охранник
"Охранник, включи реактор, срочно!",Включение реактора,Охранник
"Охранник, если реактор не запустится — мы не доживём до следующей станции!",Включение реактора,Охранник
"Срочно, охранник, кукумбер, проснись!",Включение реактора,Охранник
"Охранник, срочно, энергия на нуле, включи реактор!",Включение реактора,Охранник
"Быстрее, реактор заглох, запускай, охранник!",Включение реактора,Охранник
"Охранник, быстрее, кукумбер, проснись!",Включение реактора,Охранник
"Давай живее, охранник, кукумбер, проснись!",Включение реактора,Охранник
"Охранник, быстрее, реактор заглох, запускай!",Включение реактора,Охранник
"Энергия — это наша кровь. Включи её, охранник!",Включение реактора,Охранник
"Охранник, давай живее, нам нужна энергия, а не тишина и смерть!",Включение реактора,Охранник
"Срочно, включи реактор, срочно, охранник!",Включение реактора,Охранник
"Охранник, энергия — это наша кровь. Включи её!",Включение реактора,Охранник
"Пока не поздно, охранник, реактор спит — разбуди его, пока не замёрзли!",Включение реактора,Охранник
"Срочно, охранник, включи реактор, срочно!",Включение реактора,Охранник
"Охранник, запусти реактор, или я сам влезу и дам по голове!",Включение реактора,Охранник
"Кукумбер в отключке — включи, иначе мы превратимся в ледяные скульптуры, охранник!",Включение реактора,Охранник
"Энергия на нуле, включи реактор, охранник!",Включение реактора,Охранник
"Быстрее, кукумбер, проснись, охранник!",Включение реактора,Охранник
"Давай живее, возобнови работу реактора, охранник!",Включение реактора,Охранник
"Охранник, активируй кукумбер!",Включение реактора,Охранник
"Пока не поздно, подай энергию, быстро, охранник!",Включение реактора,Охранник
"Давай живее, охранник, возобнови работу реактора!",Включение реактора,Охранник
"Реактор спит — разбуди его, пока не замёрзли, охранник!",Включение реактора,Охранник
"Пока не поздно, охранник, включи реактор, срочно!",Включение реактора,Охранник
"Немедленно, охранник, энергия на нуле, включи реактор!",Включение реактора,Охранник
"Быстрее, запусти реактор, или я сам влезу и дам по голове, охранник!",Включение реактора,Охранник
"Быстрее, охранник, возобнови работу реактора!",Включение реактора,Охранник
"Охранник, срочно, включи реактор, срочно!",Включение реактора,Охранник
"Реактор заглох, охранник, запускай!",Включение реактора,Охранник
"Пока не поздно, энергия — это наша кровь. Включи её, охранник!",Включение реактора,Охранник
"Охранник, давай живее, кукумбер в отключке — включи, иначе мы превратимся в ледяные скульптуры!",Включение реактора,Охранник
"Охранник, возобнови работу реактора!",Включение реактора,Охранник
"Пока не поздно, реактор спит — разбуди его, пока не замёрзли, охранник!",Включение реактора,Охранник
"Кукумбер в отключке — включи, охранник, иначе мы превратимся в ледяные скульптуры!",Включение реактора,Охранник
"Срочно, охранник, если реактор не запустится — мы не доживём до следующей станции!",Включение реактора,Охранник
"Быстрее, энергия на нуле, включи реактор, охранник!",Включение реактора,Охранник
"Включи реактор, охранник, срочно!",Включение реактора,Охранник
"Охранник, пока не поздно, возобнови работу реактора!",Включение реактора,Охранник
"Быстрее, реактор спит — разбуди его, пока не замёрзли, охранник!",Включение реактора,Охранник
"Охранник, пока не поздно, реактор спит — разбуди его, пока не замёрзли!",Включение реактора,Охранник
"Охранник, немедленно, реактор спит — разбуди его, пока не замёрзли!",Включение реактора,Охранник
"Быстрее, подай энергию, быстро, охранник!",Включение реактора,Охранник
"Давай живее, охранник, реактор спит — разбуди его, пока не замёрзли!",Включение реактора,Охранник
"Охранник, срочно, энергия — это наша кровь. Включи её!",Включение реактора,Охранник
"Охранник, быстрее, нам нужна энергия, а не тишина и смерть!",Включение реактора,Охранник
"Срочно, энергия — это наша кровь. Включи её, охранник!",Включение реактора,Охранник
"Охранник, немедленно, энергия — это наша кровь. Включи её!",Включение реактора,Охранник
"Срочно, кукумбер, проснись, медик!",Включение реактора,Медик
"Пока не поздно, медик, подай энергию, быстро!",Включение реактора,Медик
"Медик, пока не поздно, кукумбер, проснись!",Включение реактора,Медик
"Кукумбер, медик, проснись!",Включение реактора,Медик
"Медик, если реактор не запустится — мы не доживём до следующей станции!",Включение реактора,Медик
"Медик, быстрее, кукумбер, проснись!",Включение реактора,Медик
"Давай живее, активируй кукумбер, медик!",Включение реактора,Медик
"Немедленно, нам нужна энергия, а не тишина и смерть, медик!",Включение реактора,Медик
"Немедленно, медик, кукумбер в отключке — включи, иначе мы превратимся в ледяные скульптуры!",Включение реактора,Медик
"Быстрее, медик, если реактор не запустится — мы не доживём до следующей станции!",Включение реактора,Медик
"Пока не поздно, медик, реактор заглох, запускай!",Включение реактора,Медик
"Медик, давай живее, включи реактор, срочно!",Включение реактора,Медик
"Давай живее, реактор заглох, запускай, медик!",Включение реактора,Медик
"Срочно, медик, активируй кукумбер!",Включение реактора,Медик
"Медик, быстрее, подай энергию, быстро!",Включение реактора,Медик
"Срочно, включи реактор, срочно, медик!",Включение реактора,Медик
"Срочно, запусти реактор, или я сам влезу и дам по голове, медик!",Включение реактора,Медик
"Запусти реактор, медик, или я сам влезу и дам по голове!",Включение реактора,Медик
"Медик, реактор спит — разбуди его, пока не замёрзли!",Включение реактора,Медик
"Давай живее, медик, реактор спит — разбуди его, пока не замёрзли!",Включение реактора,Медик
"Пока не поздно, медик, кукумбер, проснись!",Включение реактора,Медик
"Медик, немедленно, активируй кукумбер!",Включение реактора,Медик
"Быстрее, медик, подай энергию, быстро!",Включение реактора,Медик
"Медик, пока не поздно, энергия на нуле, включи реактор!",Включение реактора,Медик
"Пока не поздно, нам нужна энергия, а не тишина и смерть, медик!",Включение реактора,Медик
"Давай живее, медик, подай энергию, быстро!",Включение реактора,Медик
"Если реактор не запустится — мы не доживём до следующей станции, медик!",Включение реактора,Медик
"Энергия — это наша кровь. Включи её, медик!",Включение реактора,Медик
"Срочно, если реактор не запустится — мы не доживём до следующей станции, медик!",Включение реактора,Медик
"Медик, срочно, энергия на нуле, включи реактор!",Включение реактора,Медик
"Давай живее, возобнови работу реактора, медик!",Включение реактора,Медик
"Энергия на нуле, включи реактор, медик!",Включение реактора,Медик
"Немедленно, медик, включи реактор, срочно!",Включение реактора,Медик
"Реактор заглох, медик, запускай!",Включение реактора,Медик
"Быстрее, нам нужна энергия, а не тишина и смерть, медик!",Включение реактора,Медик
"Давай живее, медик, энергия на нуле, включи реактор!",Включение реактора,Медик
"Давай живее, запусти реактор, или я сам влезу и дам по голове, медик!",Включение реактора,Медик
"Нам нужна энергия, а не тишина и смерть, медик!",Включение реактора,Медик
"Срочно, медик, реактор спит — разбуди его, пока не замёрзли!",Включение реактора,Медик
"Возобнови работу реактора, медик!",Включение реактора,Медик
"Запусти реактор, или я сам влезу и дам по голове, медик!",Включение реактора,Медик
"Медик, быстрее, реактор заглох, запускай!",Включение реактора,Медик
"Давай живее, медик, реактор заглох, запускай!",Включение реактора,Медик
"Немедленно, энергия на нуле, включи реактор, медик!",Включение реактора,Медик
"Давай живее, медик, активируй кукумбер!",Включение реактора,Медик
"Медик, срочно, реактор спит — разбуди его, пока не замёрзли!",Включение реактора,Медик
"Пока не поздно, запусти реактор, или я сам влезу и дам по голове, медик!",Включение реактора,Медик
"Срочно, реактор спит — разбуди его, пока не замёрзли, медик!",Включение реактора,Медик
"Немедленно, подай энергию, быстро, медик!",Включение реактора,Медик
"Давай живее, реактор спит — разбуди его, пока не замёрзли, медик!",Включение реактора,Медик
"Реактор заглох, запускай, медик!",Включение реактора,Медик
"Немедленно, запусти реактор, или я сам влезу и дам по голове, медик!",Включение реактора,Медик
"Медик, немедленно, включи реактор, срочно!",Включение реактора,Медик
"Медик, запусти реактор, или я сам влезу и дам по голове!",Включение реактора,Медик
"Быстрее, медик, активируй кукумбер!",Включение реактора,Медик
"Медик, немедленно, энергия на нуле, включи реактор!",Включение реактора,Медик
"Медик, немедленно, реактор заглох, запускай!",Включение реактора,Медик
"Срочно, медик, если реактор не запустится — мы не доживём до следующей станции!",Включение реактора,Медик
"Срочно, кукумбер в отключке — включи, иначе мы превратимся в ледяные скульптуры, медик!",Включение реактора,Медик
"Медик, энергия — это наша кровь. Включи её!",Включение реактора,Медик
"Быстрее, подай энергию, быстро, медик!",Включение реактора,Медик
"Давай живее, энергия на нуле, включи реактор, медик!",Включение реактора,Медик
"Медик, быстрее, включи реактор, срочно!",Включение реактора,Медик
"Пока не поздно, энергия — это наша кровь. Включи её, медик!",Включение реактора,Медик
"Пока не поздно, медик, нам нужна энергия, а не тишина и смерть!",Включение реактора,Медик
"Медик, немедленно, энергия — это наша кровь. Включи её!",Включение реактора,Медик
"Медик, срочно, активируй кукумбер!",Включение реактора,Медик
"Быстрее, медик, кукумбер, проснись!",Включение реактора,Медик
"Быстрее, медик, возобнови работу реактора!",Включение реактора,Медик
"Быстрее, медик, реактор спит — разбуди его, пока не замёрзли!",Включение реактора,Медик
"Медик, давай живее, активируй кукумбер!",Включение реактора,Медик
"Медик, давай живее, реактор спит — разбуди его, пока не замёрзли!",Включение реактора,Медик
"Медик, быстрее, нам нужна энергия, а не тишина и смерть!",Включение реактора,Медик
"Реактор спит — разбуди его, пока не замёрзли, медик!",Включение реактора,Медик
"Медик, нам нужна энергия, а не тишина и смерть!",Включение реактора,Медик
"Медик, давай живее, кукумбер, проснись!",Включение реактора,Медик
"Немедленно, кукумбер, проснись, медик!",Включение реактора,Медик
"Быстрее, запусти реактор, или я сам влезу и дам по голове, медик!",Включение реактора,Медик
"Пока не поздно, реактор спит — разбуди его, пока не замёрзли, медик!",Включение реактора,Медик
"Быстрее, реактор заглох, запускай, медик!",Включение реактора,Медик
"Срочно, реактор заглох, запускай, медик!",Включение реактора,Медик
"Быстрее, возобнови работу реактора, медик!",Включение реактора,Медик
"Срочно, энергия — это наша кровь. Включи её, медик!",Включение реактора,Медик
"Медик, быстрее, энергия — это наша кровь. Включи её!",Включение реактора,Медик
"Медик, энергия на нуле, включи реактор!",Включение реактора,Медик
"Включи реактор, медик, срочно!",Включение реактора,Медик
"Медик, пока не поздно, нам нужна энергия, а не тишина и смерть!",Включение реактора,Медик
"Пока не поздно, медик, запусти реактор, или я сам влезу и дам по голове!",Включение реактора,Медик
"Медик, кукумбер, проснись!",Включение реактора,Медик
"Немедленно, медик, реактор спит — разбуди его, пока не замёрзли!",Включение реактора,Медик
"Кукумбер, проснись, медик!",Включение реактора,Медик
"Срочно, медик, запусти реактор, или я сам влезу и дам по голове!",Включение реактора,Медик
"Давай живее, медик, кукумбер в отключке — включи, иначе мы превратимся в ледяные скульптуры!",Включение реактора,Медик
"Медик, немедленно, возобнови работу реактора!",Включение реактора,Медик
"Пока не поздно, подай энергию, быстро, медик!",Включение реактора,Медик
"Пока не поздно, кукумбер в отключке — включи, иначе мы превратимся в ледяные скульптуры, медик!",Включение реактора,Медик
"Реактор спит — разбуди его, медик, пока не замёрзли!",Включение реактора,Медик
"Медик, кукумбер в отключке — включи, иначе мы превратимся в ледяные скульптуры!",Включение реактора,Медик
"Срочно, подай энергию, быстро, медик!",Включение реактора,Медик
"Срочно, энергия на нуле, включи реактор, медик!",Включение реактора,Медик
"Давай живее, инженер, энергия на нуле, включи реактор!",Включение реактора,Инженер
"Срочно, энергия на нуле, включи реактор, инженер!",Включение реактора,Инженер
"Быстрее, инженер, подай энергию, быстро!",Включение реактора,Инженер
"Кукумбер в отключке — включи, иначе мы превратимся в ледяные скульптуры, инженер!",Включение реактора,Инженер
"Инженер, давай живее, если реактор не запустится — мы не доживём до следующей станции!",Включение реактора,Инженер
"Реактор заглох, инженер, запускай!",Включение реактора,Инженер
"Немедленно, инженер, кукумбер, проснись!",Включение реактора,Инженер
"Давай живее, инженер, подай энергию, быстро!",Включение реактора,Инженер
"Немедленно, запусти реактор, или я сам влезу и дам по голове, инженер!",Включение реактора,Инженер
"Немедленно, кукумбер, проснись, инженер!",Включение реактора,Инженер
"Немедленно, инженер, запусти реактор, или я сам влезу и дам по голове!",Включение реактора,Инженер
"Инженер, кукумбер в отключке — включи, иначе мы превратимся в ледяные скульптуры!",Включение реактора,Инженер
"Инженер, включи реактор, срочно!",Включение реактора,Инженер
"Немедленно, инженер, энергия на нуле, включи реактор!",Включение реактора,Инженер
"Немедленно, включи реактор, срочно, инженер!",Включение реактора,Инженер
"Нам нужна энергия, инженер, а не тишина и смерть!",Включение реактора,Инженер
"Инженер, быстрее, запусти реактор, или я сам влезу и дам по голове!",Включение реактора,Инженер
"Пока не поздно, инженер, возобнови работу реактора!",Включение реактора,Инженер
"Давай живее, включи реактор, срочно, инженер!",Включение реактора,Инженер
"Инженер, немедленно, запусти реактор, или я сам влезу и дам по голове!",Включение реактора,Инженер
"Инженер, давай живее, энергия на нуле, включи реактор!",Включение реактора,Инженер
"Инженер, быстрее, если реактор не запустится — мы не доживём до следующей станции!",Включение реактора,Инженер
"Давай живее, возобнови работу реактора, инженер!",Включение реактора,Инженер
"Инженер, реактор заглох, запускай!",Включение реактора,Инженер
"Инженер, немедленно, подай энергию, быстро!",Включение реактора,Инженер
"Немедленно, инженер, включи реактор, срочно!",Включение реактора,Инженер
"Быстрее, включи реактор, срочно, инженер!",Включение реактора,Инженер
"Пока не поздно, активируй кукумбер, инженер!",Включение реактора,Инженер
"Срочно, возобнови работу реактора, инженер!",Включение реактора,Инженер
"Инженер, срочно, кукумбер в отключке — включи, иначе мы превратимся в ледяные скульптуры!",Включение реактора,Инженер
"Инженер, пока не поздно, кукумбер в отключке — включи, иначе мы превратимся в ледяные скульптуры!",Включение реактора,Инженер
"Срочно, инженер, энергия — это наша кровь. Включи её!",Включение реактора,Инженер
"Инженер, возобнови работу реактора!",Включение реактора,Инженер
"Пока не поздно, возобнови работу реактора, инженер!",Включение реактора,Инженер
"Быстрее, активируй кукумбер, инженер!",Включение реактора,Инженер
"Инженер, срочно, реактор заглох, запускай!",Включение реактора,Инженер
"Давай живее, инженер, запусти реактор, или я сам влезу и дам по голове!",Включение реактора,Инженер
"Немедленно, инженер, реактор спит — разбуди его, пока не замёрзли!",Включение реактора,Инженер
"Инженер, немедленно, нам нужна энергия, а не тишина и смерть!",Включение реактора,Инженер
"Инженер, немедленно, если реактор не запустится — мы не доживём до следующей станции!",Включение реактора,Инженер
"Инженер, давай живее, реактор заглох, запускай!",Включение реактора,Инженер
"Инженер, пока не поздно, реактор спит — разбуди его, пока не замёрзли!",Включение реактора,Инженер
"Если реактор не запустится — мы не доживём до следующей станции, инженер!",Включение реактора,Инженер
"Инженер, запусти реактор, или я сам влезу и дам по голове!",Включение реактора,Инженер
"Инженер, реактор спит — разбуди его, пока не замёрзли!",Включение реактора,Инженер
"Инженер, немедленно, реактор заглох, запускай!",Включение реактора,Инженер
"Давай живее, если реактор не запустится — мы не доживём до следующей станции, инженер!",Включение реактора,Инженер
"Немедленно, инженер, кукумбер в отключке — включи, иначе мы превратимся в ледяные скульптуры!",Включение реактора,Инженер
"Срочно, кукумбер в отключке — включи, иначе мы превратимся в ледяные скульптуры, инженер!",Включение реактора,Инженер
"Давай живее, запусти реактор, или я сам влезу и дам по голове, инженер!",Включение реактора,Инженер
"Быстрее, инженер, нам нужна энергия, а не тишина и смерть!",Включение реактора,Инженер
"Пока не поздно, инженер, активируй кукумбер!",Включение реактора,Инженер
"Инженер, подай энергию, быстро!",Включение реактора,Инженер
"Срочно, инженер, энергия на нуле, включи реактор!",Включение реактора,Инженер
"Пока не поздно, инженер, кукумбер в отключке — включи, иначе мы превратимся в ледяные скульптуры!",Включение реактора,Инженер
"Возобнови работу реактора, инженер!",Включение реактора,Инженер
"Быстрее, нам нужна энергия, а не тишина и смерть, инженер!",Включение реактора,Инженер
"Давай живее, кукумбер в отключке — включи, иначе мы превратимся в ледяные скульптуры, инженер!",Включение реактора,Инженер
"Немедленно, инженер, подай энергию, быстро!",Включение реактора,Инженер
"Давай живее, энергия — это наша кровь. Включи её, инженер!",Включение реактора,Инженер
"Быстрее, инженер, включи реактор, срочно!",Включение реактора,Инженер
"Пока не поздно, инженер, реактор спит — разбуди его, пока не замёрзли!",Включение реактора,Инженер
"Инженер, если реактор не запустится — мы не доживём до следующей станции!",Включение реактора,Инженер
"Кукумбер в отключке — включи, инженер, иначе мы превратимся в ледяные скульптуры!",Включение реактора,Инженер
"Инженер, быстрее, нам нужна энергия, а не тишина и смерть!",Включение реактора,Инженер
"Быстрее, возобнови работу реактора, инженер!",Включение реактора,Инженер
"Инженер, срочно, запусти реактор, или я сам влезу и дам по голове!",Включение реактора,Инженер
"Инженер, пока не поздно, подай энергию, быстро!",Включение реактора,Инженер
"Инженер, быстрее, реактор заглох, запускай!",Включение реактора,Инженер
"Давай живее, подай энергию, быстро, инженер!",Включение реактора,Инженер
"Быстрее, инженер, кукумбер, проснись!",Включение реактора,Инженер
"Кукумбер, инженер, проснись!",Включение реактора,Инженер
"Немедленно, реактор спит — разбуди его, пока не замёрзли, инженер!",Включение реактора,Инженер
"Подай энергию, быстро, инженер!",Включение реактора,Инженер
"Инженер, срочно, если реактор не запустится — мы не доживём до следующей станции!",Включение реактора,Инженер
"Включи реактор, инженер, срочно!",Включение реактора,Инженер
"Инженер, активируй кукумбер!",Включение реактора,Инженер
"Инженер, давай живее, включи реактор, срочно!",Включение реактора,Инженер
"Быстрее, кукумбер в отключке — включи, иначе мы превратимся в ледяные скульптуры, инженер!",Включение реактора,Инженер
"Запусти реактор, или я сам влезу и дам по голове, инженер!",Включение реактора,Инженер
"Энергия на нуле, включи реактор, инженер!",Включение реактора,Инженер
"Срочно, инженер, запусти реактор, или я сам влезу и дам по голове!",Включение реактора,Инженер
"Инженер, давай живее, запусти реактор, или я сам влезу и дам по голове!",Включение реактора,Инженер
"Быстрее, инженер, энергия — это наша кровь. Включи её!",Включение реактора,Инженер
"Нам нужна энергия, а не тишина и смерть, инженер!",Включение реактора,Инженер
"Инженер, быстрее, кукумбер в отключке — включи, иначе мы превратимся в ледяные скульптуры!",Включение реактора,Инженер
"Давай живее, инженер, нам нужна энергия, а не тишина и смерть!",Включение реактора,Инженер
"Пока не поздно, инженер, запусти реактор, или я сам влезу и дам по голове!",Включение реактора,Инженер
"Давай живее, инженер, кукумбер в отключке — включи, иначе мы превратимся в ледяные скульптуры!",Включение реактора,Инженер
"Немедленно, инженер, нам нужна энергия, а не тишина и смерть!",Включение реактора,Инженер
"Инженер, давай живее, кукумбер, проснись!",Включение реактора,Инженер
"Пока не поздно, инженер, включи реактор, срочно!",Включение реактора,Инженер
"Давай живее, инженер, реактор спит — разбуди его, пока не замёрзли!",Включение реактора,Инженер
"Давай живее, инженер, реактор заглох, запускай!",Включение реактора,Инженер
"Инженер, быстрее, реактор спит — разбуди его, пока не замёрзли!",Включение реактора,Инженер
"Немедленно, возобнови работу реактора, инженер!",Включение реактора,Инженер
"Пока не поздно, реактор заглох, запускай, инженер!",Включение реактора,Инженер
"Реактор спит — разбуди его, пока не замёрзли, инженер!",Включение реактора,Инженер
"Инженер, давай живее, возобнови работу реактора!",Включение реактора,Инженер
"Инженер, пока не поздно, реактор заглох, запускай!",Включение реактора,Инженер
"Немедленно, механик, возобнови работу реактора!",Включение реактора,Механик
"Давай живее, реактор заглох, запускай, механик!",Включение реактора,Механик
"Быстрее, энергия — это наша кровь. Включи её, механик!",Включение реактора,Механик
"Подай энергию, механик, быстро!",Включение реактора,Механик
"Реактор спит — разбуди его, механик, пока не замёрзли!",Включение реактора,Механик
"Быстрее, нам нужна энергия, а не тишина и смерть, механик!",Включение реактора,Механик
"Механик, пока не поздно, включи реактор, срочно!",Включение реактора,Механик
"Реактор заглох, механик, запускай!",Включение реактора,Механик
"Давай живее, активируй кукумбер, механик!",Включение реактора,Механик
"Немедленно, механик, нам нужна энергия, а не тишина и смерть!",Включение реактора,Механик
"Механик, немедленно, нам нужна энергия, а не тишина и смерть!",Включение реактора,Механик
"Механик, давай живее, кукумбер, проснись!",Включение реактора,Механик
"Пока не поздно, механик, кукумбер, проснись!",Включение реактора,Механик
"Механик, быстрее, реактор заглох, запускай!",Включение реактора,Механик
"Механик, пока не поздно, энергия на нуле, включи реактор!",Включение реактора,Механик
"Быстрее, кукумбер, проснись, механик!",Включение реактора,Механик
"Механик, пока не поздно, кукумбер, проснись!",Включение реактора,Механик
"Механик, пока не поздно, энергия — это наша кровь. Включи её!",Включение реактора,Механик
"Кукумбер, проснись, механик!",Включение реактора,Механик
"Механик, запусти реактор, или я сам влезу и дам по голове!",Включение реактора,Механик
"Быстрее, кукумбер в отключке — включи, иначе мы превратимся в ледяные скульптуры, механик!",Включение реактора,Механик
"Пока не поздно, механик, нам нужна энергия, а не тишина и смерть!",Включение реактора,Механик
"Немедленно, возобнови работу реактора, механик!",Включение реактора,Механик
"Механик, включи реактор, срочно!",Включение реактора,Механик
"Механик, возобнови работу реактора!",Включение реактора,Механик
"Быстрее, реактор заглох, запускай, механик!",Включение реактора,Механик
"Давай живее, механик, кукумбер в отключке — включи, иначе мы превратимся в ледяные скульптуры!",Включение реактора,Механик
"Механик, нам нужна энергия, а не тишина и смерть!",Включение реактора,Механик
"Нам нужна энергия, механик, а не тишина и смерть!",Включение реактора,Механик
"Механик, давай живее, возобнови работу реактора!",Включение реактора,Механик
"Быстрее, механик, запусти реактор, или я сам влезу и дам по голове!",Включение реактора,Механик
"Немедленно, реактор заглох, запускай, механик!",Включение реактора,Механик
"Немедленно, механик, активируй кукумбер!",Включение реактора,Механик
"Механик, немедленно, энергия — это наша кровь. Включи её!",Включение реактора,Механик
"Давай живее, включи реактор, срочно, механик!",Включение реактора,Механик
"Энергия — это наша кровь. Включи её, механик!",Включение реактора,Механик
"Срочно, энергия на нуле, включи реактор, механик!",Включение реактора,Механик
"Энергия на нуле, включи реактор, механик!",Включение реактора,Механик
"Механик, срочно, подай энергию, быстро!",Включение реактора,Механик
"Пока не поздно, возобнови работу реактора, механик!",Включение реактора,Механик
"Немедленно, активируй кукумбер, механик!",Включение реактора,Механик
"Запусти реактор, механик, или я сам влезу и дам по голове!",Включение реактора,Механик
"Механик, энергия — это наша кровь. Включи её!",Включение реактора,Механик
"Пока не поздно, энергия на нуле, включи реактор, механик!",Включение реактора,Механик
"Механик, срочно, если реактор не запустится — мы не доживём до следующей станции!",Включение реактора,Механик
"Давай живее, энергия на нуле, включи реактор, механик!",Включение реактора,Механик
"Срочно, механик, включи реактор, срочно!",Включение реактора,Механик
"Срочно, нам нужна энергия, а не тишина и смерть, механик!",Включение реактора,Механик
"Пока не поздно, реактор заглох, запускай, механик!",Включение реактора,Механик
"Немедленно, запусти реактор, или я сам влезу и дам по голове, механик!",Включение реактора,Механик
"Быстрее, реактор спит — разбуди его, пока не замёрзли, механик!",Включение реактора,Механик
"Механик, быстрее, кукумбер, проснись!",Включение реактора,Механик
"Давай живее, кукумбер, проснись, механик!",Включение реактора,Механик
"Быстрее, энергия на нуле, включи реактор, механик!",Включение реактора,Механик
"Быстрее, подай энергию, быстро, механик!",Включение реактора,Механик
"Срочно, кукумбер, проснись, механик!",Включение реактора,Механик
"Механик, быстрее, энергия на нуле, включи реактор!",Включение реактора,Механик
"Механик, активируй кукумбер!",Включение реактора,Механик
"Механик, немедленно, кукумбер в отключке — включи, иначе мы превратимся в ледяные скульптуры!",Включение реактора,Механик
"Механик, немедленно, если реактор не запустится — мы не доживём до следующей станции!",Включение реактора,Механик
"Механик, пока не поздно, запусти реактор, или я сам влезу и дам по голове!",Включение реактора,Механик
"Немедленно, энергия на нуле, включи реактор, механик!",Включение реактора,Механик
"Механик, давай живее, энергия на нуле, включи реактор!",Включение реактора,Механик
"Срочно, механик, реактор заглох, запускай!",Включение реактора,Механик
"Механик, пока не поздно, подай энергию, быстро!",Включение реактора,Механик
"Давай живее, механик, энергия на нуле, включи реактор!",Включение реактора,Механик
"Срочно, запусти реактор, или я сам влезу и дам по голове, механик!",Включение реактора,Механик
"Пока не поздно, механик, реактор спит — разбуди его, пока не замёрзли!",Включение реактора,Механик
"Срочно, включи реактор, срочно, механик!",Включение реактора,Механик
"Механик, подай энергию, быстро!",Включение реактора,Механик
"Если реактор не запустится — мы не доживём до следующей станции, механик!",Включение реактора,Механик
"Давай живее, механик, подай энергию, быстро!",Включение реактора,Механик
"Давай живее, механик, если реактор не запустится — мы не доживём до следующей станции!",Включение реактора,Механик
"Срочно, если реактор не запустится — мы не доживём до следующей станции, механик!",Включение реактора,Механик
"Давай живее, подай энергию, быстро, механик!",Включение реактора,Механик
"Немедленно, включи реактор, срочно, механик!",Включение реактора,Механик
"Механик, давай живее, нам нужна энергия, а не тишина и смерть!",Включение реактора,Механик
"Кукумбер в отключке — включи, механик, иначе мы превратимся в ледяные скульптуры!",Включение реактора,Механик
"Механик, немедленно, кукумбер, проснись!",Включение реактора,Механик
"Механик, если реактор не запустится — мы не доживём до следующей станции!",Включение реактора,Механик
"Быстрее, механик, реактор заглох, запускай!",Включение реактора,Механик
"Пока не поздно, механик, реактор заглох, запускай!",Включение реактора,Механик
"Давай живее, реактор спит — разбуди его, пока не замёрзли, механик!",Включение реактора,Механик
"Включи реактор, срочно, механик!",Включение реактора,Механик
"Механик, давай живее, включи реактор, срочно!",Включение реактора,Механик
"Механик, немедленно, подай энергию, быстро!",Включение реактора,Механик
"Механик, быстрее, включи реактор, срочно!",Включение реактора,Механик
"Давай живее, запусти реактор, или я сам влезу и дам по голове, механик!",Включение реактора,Механик
"Срочно, механик, если реактор не запустится — мы не доживём до следующей станции!",Включение реактора,Механик
"Немедленно, кукумбер в отключке — включи, иначе мы превратимся в ледяные скульптуры, механик!",Включение реактора,Механик
"Быстрее, если реактор не запустится — мы не доживём до следующей станции, механик!",Включение реактора,Механик
"Пока не поздно, механик, кукумбер в отключке — включи, иначе мы превратимся в ледяные скульптуры!",Включение реактора,Механик
"Механик, пока не поздно, реактор спит — разбуди его, пока не замёрзли!",Включение реактора,Механик
"Давай живее, механик, активируй кукумбер!",Включение реактора,Механик
"Активируй кукумбер, механик!",Включение реактора,Механик
"Срочно, механик, энергия — это наша кровь. Включи её!",Включение реактора,Механик
"Немедленно, механик, если реактор не запустится — мы не доживём до следующей станции!",Включение реактора,Механик
"Энергия на нуле, механик, включи реактор!",Включение реактора,Механик
"Давай живее, энергия — это наша кровь. Включи её, механик!",Включение реактора,Механик
"Срочно, реактор спит — разбуди его, пока не замёрзли, механик!",Включение реактора,Механик
"Кукумбер в отключке — включи, помощник, иначе мы превратимся в ледяные скульптуры!",Включение реактора,Помощник
"Помощник, пока не поздно, энергия — это наша кровь. Включи её!",Включение реактора,Помощник
"Помощник, немедленно, включи реактор, срочно!",Включение реактора,Помощник
"Давай живее, активируй кукумбер, помощник!",Включение реактора,Помощник
"Кукумбер в отключке — включи, иначе мы превратимся в ледяные скульптуры, помощник!",Включение реактора,Помощник
"Энергия на нуле, помощник, включи реактор!",Включение реактора,Помощник
"Помощник, немедленно, энергия — это наша кровь. Включи её!",Включение реактора,Помощник
"Немедленно, если реактор не запустится — мы не доживём до следующей станции, помощник!",Включение реактора,Помощник
"Давай живее, реактор заглох, запускай, помощник!",Включение реактора,Помощник
"Помощник, срочно, реактор заглох, запускай!",Включение реактора,Помощник
"Давай живее, запусти реактор, или я сам влезу и дам по голове, помощник!",Включение реактора,Помощник
"Помощник, срочно, возобнови работу реактора!",Включение реактора,Помощник
"Помощник, быстрее, подай энергию, быстро!",Включение реактора,Помощник
"Помощник, быстрее, энергия — это наша кровь. Включи её!",Включение реактора,Помощник
"Срочно, помощник, включи реактор, срочно!",Включение реактора,Помощник
"Помощник, срочно, если реактор не запустится — мы не доживём до следующей станции!",Включение реактора,Помощник
"Давай живее, помощник, запусти реактор, или я сам влезу и дам по голове!",Включение реактора,Помощник
"Пока не поздно, если реактор не запустится — мы не доживём до следующей станции, помощник!",Включение реактора,Помощник
"Помощник, быстрее, реактор заглох, запускай!",Включение реактора,Помощник
"Давай живее, энергия на нуле, включи реактор, помощник!",Включение реактора,Помощник
"Пока не поздно, энергия на нуле, включи реактор, помощник!",Включение реактора,Помощник
"Реактор спит — разбуди его, пока не замёрзли, помощник!",Включение реактора,Помощник
"Немедленно, помощник, кукумбер, проснись!",Включение реактора,Помощник
"Запусти реактор, или я сам влезу и дам по голове, помощник!",Включение реактора,Помощник
"Быстрее, энергия на нуле, включи реактор, помощник!",Включение реактора,Помощник
"Если реактор не запустится — мы не доживём до следующей станции, помощник!",Включение реактора,Помощник
"Помощник, давай живее, подай энергию, быстро!",Включение реактора,Помощник
"Помощник, возобнови работу реактора!",Включение реактора,Помощник
"Помощник, срочно, кукумбер в отключке — включи, иначе мы превратимся в ледяные скульптуры!",Включение реактора,Помощник
"Помощник, давай живее, нам нужна энергия, а не тишина и смерть!",Включение реактора,Помощник
"Подай энергию, быстро, помощник!",Включение реактора,Помощник
"Пока не поздно, возобнови работу реактора, помощник!",Включение реактора,Помощник
"Срочно, кукумбер, проснись, помощник!",Включение реактора,Помощник
"Помощник, срочно, включи реактор, срочно!",Включение реактора,Помощник
"Давай живее, помощник, кукумбер в отключке — включи, иначе мы превратимся в ледяные скульптуры!",Включение реактора,Помощник
"Быстрее, помощник, если реактор не запустится — мы не доживём до следующей станции!",Включение реактора,Помощник
"Помощник, срочно, энергия на нуле, включи реактор!",Включение реактора,Помощник
"Помощник, немедленно, подай энергию, быстро!",Включение реактора,Помощник
"Давай живее, помощник, энергия — это наша кровь. Включи её!",Включение реактора,Помощник
"Быстрее, помощник, нам нужна энергия, а не тишина и смерть!",Включение реактора,Помощник
"Помощник, срочно, нам нужна энергия, а не тишина и смерть!",Включение реактора,Помощник
"Помощник, давай живее, кукумбер, проснись!",Включение реактора,Помощник
"Помощник, кукумбер, проснись!",Включение реактора,Помощник
"Нам нужна энергия, а не тишина и смерть, помощник!",Включение реактора,Помощник
"Давай живее, помощник, энергия на нуле, включи реактор!",Включение реактора,Помощник
"Пока не поздно, помощник, реактор спит — разбуди его, пока не замёрзли!",Включение реактора,Помощник
"Немедленно, помощник, энергия — это наша кровь. Включи её!",Включение реактора,Помощник
"Немедленно, помощник, энергия на нуле, включи реактор!",Включение реактора,Помощник
"Помощник, давай живее, реактор спит — разбуди его, пока не замёрзли!",Включение реактора,Помощник
"Помощник, активируй кукумбер!",Включение реактора,Помощник
"Помощник, быстрее, нам нужна энергия, а не тишина и смерть!",Включение реактора,Помощник
"Запусти реактор, помощник, или я сам влезу и дам по голове!",Включение реактора,Помощник
"Быстрее, запусти реактор, или я сам влезу и дам по голове, помощник!",Включение реактора,Помощник
"Помощник, быстрее, энергия на нуле, включи реактор!",Включение реактора,Помощник
"Срочно, помощник, подай энергию, быстро!",Включение реактора,Помощник
"Пока не поздно, помощник, запусти реактор, или я сам влезу и дам по голове!",Включение реактора,Помощник
"Срочно, помощник, активируй кукумбер!",Включение реактора,Помощник
"Немедленно, помощник, реактор спит — разбуди его, пока не замёрзли!",Включение реактора,Помощник
"Помощник, давай живее, энергия на нуле, включи реактор!",Включение реактора,Помощник
"Помощник, пока не поздно, запусти реактор, или я сам влезу и дам по голове!",Включение реактора,Помощник
"Давай живее, помощник, реактор спит — разбуди его, пока не замёрзли!",Включение реактора,Помощник
"Быстрее, если реактор не запустится — мы не доживём до следующей станции, помощник!",Включение реактора,Помощник
"Быстрее, помощник, энергия на нуле, включи реактор!",Включение реактора,Помощник
"Помощник, пока не поздно, нам нужна энергия, а не тишина и смерть!",Включение реактора,Помощник
"Помощник, пока не поздно, энергия на нуле, включи реактор!",Включение реактора,Помощник
"Помощник, срочно, реактор спит — разбуди его, пока не замёрзли!",Включение реактора,Помощник
"Немедленно, помощник, нам нужна энергия, а не тишина и смерть!",Включение реактора,Помощник
"Пока не поздно, включи реактор, срочно, помощник!",Включение реактора,Помощник
"Помощник, если реактор не запустится — мы не доживём до следующей станции!",Включение реактора,Помощник
"Срочно, помощник, реактор заглох, запускай!",Включение реактора,Помощник
"Помощник, быстрее, возобнови работу реактора!",Включение реактора,Помощник
"Срочно, энергия — это наша кровь. Включи её, помощник!",Включение реактора,Помощник
"Быстрее, помощник, реактор заглох, запускай!",Включение реактора,Помощник
"Быстрее, помощник, запусти реактор, или я сам влезу и дам по голове!",Включение реактора,Помощник
"Срочно, помощник, энергия на нуле, включи реактор!",Включение реактора,Помощник
"Быстрее, активируй кукумбер, помощник!",Включение реактора,Помощник
"Помощник, включи реактор, срочно!",Включение реактора,Помощник
"Помощник, давай живее, кукумбер в отключке — включи, иначе мы превратимся в ледяные скульптуры!",Включение реактора,Помощник
"Помощник, реактор заглох, запускай!",Включение реактора,Помощник
"Немедленно, кукумбер, проснись, помощник!",Включение реактора,Помощник
"Помощник, энергия — это наша кровь. Включи её!",Включение реактора,Помощник
"Давай живее, подай энергию, быстро, помощник!",Включение реактора,Помощник
"Помощник, пока не поздно, если реактор не запустится — мы не доживём до следующей станции!",Включение реактора,Помощник
"Помощник, пока не поздно, возобнови работу реактора!",Включение реактора,Помощник
"Помощник, давай живее, если реактор не запустится — мы не доживём до следующей станции!",Включение реактора,Помощник
"Кукумбер, проснись, помощник!",Включение реактора,Помощник
"Помощник, пока не поздно, включи реактор, срочно!",Включение реактора,Помощник
"Немедленно, подай энергию, быстро, помощник!",Включение реактора,Помощник
"Помощник, быстрее, активируй кукумбер!",Включение реактора,Помощник
"Кукумбер, помощник, проснись!",Включение реактора,Помощник
"Помощник, быстрее, запусти реактор, или я сам влезу и дам по голове!",Включение реактора,Помощник
"Помощник, пока не поздно, реактор заглох, запускай!",Включение реактора,Помощник
"Помощник, немедленно, если реактор не запустится — мы не доживём до следующей станции!",Включение реактора,Помощник
"Помощник, пока не поздно, кукумбер, проснись!",Включение реактора,Помощник
"Помощник, срочно, запусти реактор, или я сам влезу и дам по голове!",Включение реактора,Помощник
"Пока не поздно, энергия — это наша кровь. Включи её, помощник!",Включение реактора,Помощник
"Быстрее, помощник, возобнови работу реактора!",Включение реактора,Помощник
"Срочно, помощник, нам нужна энергия, а не тишина и смерть!",Включение реактора,Помощник
"Немедленно, реактор заглох, запускай, помощник!",Включение реактора,Помощник
"Пока не поздно, помощник, нам нужна энергия, а не тишина и смерть!",Включение реактора,Помощник
"Народ, срочно, немедленно, реактор спит — разбуди его, пока не замёрзли!",Включение реактора,all
"Всем внимание, срочно, энергия на нуле, включи реактор!",Включение реактора,all
"Ребята, быстро, быстрее, активируй кукумбер!",Включение реактора,all
"Экипаж, срочно, срочно, подай энергию, быстро!",Включение реактора,all
"Экипаж, бегом, немедленно, кукумбер в отключке — включи, иначе мы превратимся в ледяные скульптуры!",Включение реактора,all
"Всем внимание, немедленно, нам нужна энергия, а не тишина и смерть!",Включение реактора,all
"Экипаж, срочно, давай живее, реактор заглох, запускай!",Включение реактора,all
"Экипаж, срочно, энергия на нуле, включи реактор!",Включение реактора,all
"Ребят, срочно, пока не поздно, нам нужна энергия, а не тишина и смерть!",Включение реактора,all
"Команда, действуйте, срочно, энергия — это наша кровь. включи её!",Включение реактора,all
"Всех по местам, пока не поздно, возобнови работу реактора!",Включение реактора,all
"Слушайте все, давай живее, энергия — это наша кровь. включи её!",Включение реактора,all
"Всем, немедленно, пока не поздно, включи реактор, срочно!",Включение реактора,all
"Ребят, срочно, пока не поздно, энергия — это наша кровь. включи её!",Включение реактора,all
"Весь экипаж, возобнови работу реактора!",Включение реактора,all
"Экипаж, бегом, давай живее, возобнови работу реактора!",Включение реактора,all
"Всем, немедленно, пока не поздно, подай энергию, быстро!",Включение реактора,all
"Команда, живее, пока не поздно, энергия — это наша кровь. включи её!",Включение реактора,all
"Все, давайте, немедленно, энергия — это наша кровь. включи её!",Включение реактора,all
"Ребята, быстро, срочно, энергия — это наша кровь. включи её!",Включение реактора,all
"Экипаж, бегом, пока не поздно, энергия на нуле, включи реактор!",Включение реактора,all
"Ребят, срочно, пока не поздно, включи реактор, срочно!",Включение реактора,all
"Команда, живее, срочно, энергия на нуле, включи реактор!",Включение реактора,all
"Всем внимание, давай живее, включи реактор, срочно!",Включение реактора,all
"Народ, срочно, быстрее, энергия на нуле, включи реактор!",Включение реактора,all
"Команда, срочно, срочно, энергия — это наша кровь. включи её!",Включение реактора,all
"Ребят, срочно, запусти реактор, или я сам влезу и дам по голове!",Включение реактора,all
"Ребят, срочно, энергия на нуле, включи реактор!",Включение реактора,all
"Ребята, быстро, пока не поздно, кукумбер, проснись!",Включение реактора,all
"Команда, срочно, запусти реактор, или я сам влезу и дам по голове!",Включение реактора,all
"Экипаж, бегом, кукумбер в отключке — включи, иначе мы превратимся в ледяные скульптуры!",Включение реактора,all
"Народ, срочно, немедленно, нам нужна энергия, а не тишина и смерть!",Включение реактора,all
"Команда, действуйте, быстрее, включи реактор, срочно!",Включение реактора,all
"Команда, действуйте, включи реактор, срочно!",Включение реактора,all
"Команда, действуйте, возобнови работу реактора!",Включение реактора,all
"Команда, срочно, энергия на нуле, включи реактор!",Включение реактора,all
"Экипаж, чёрт, давай живее, энергия на нуле, включи реактор!",Включение реактора,all
"Народ, срочно, пока не поздно, энергия на нуле, включи реактор!",Включение реактора,all
"Экипаж, срочно, немедленно, реактор спит — разбуди его, пока не замёрзли!",Включение реактора,all
"Экипаж, срочно, включи реактор, срочно!",Включение реактора,all
"Экипаж, чёрт, нам нужна энергия, а не тишина и смерть!",Включение реактора,all
"Команда, срочно, кукумбер в отключке — включи, иначе мы превратимся в ледяные скульптуры!",Включение реактора,all
"Слушайте все, срочно, возобнови работу реактора!",Включение реактора,all
"Команда, срочно, быстрее, возобнови работу реактора!",Включение реактора,all
"Экипаж, бегом, реактор заглох, запускай!",Включение реактора,all
"Ребят, срочно, давай живее, реактор спит — разбуди его, пока не замёрзли!",Включение реактора,all
"Слушайте все, нам нужна энергия, а не тишина и смерть!",Включение реактора,all
"Экипаж, бегом, запусти реактор, или я сам влезу и дам по голове!",Включение реактора,all
"Всем внимание, возобнови работу реактора!",Включение реактора,all
"Экипаж, срочно, немедленно, кукумбер, проснись!",Включение реактора,all
"Экипаж, чёрт, давай живее, кукумбер, проснись!",Включение реактора,all
"Экипаж, срочно, немедленно, энергия на нуле, включи реактор!",Включение реактора,all
"Ребята, быстро, срочно, энергия на нуле, включи реактор!",Включение реактора,all
"Команда, живее, быстрее, активируй кукумбер!",Включение реактора,all
"Ребята, быстро, немедленно, реактор спит — разбуди его, пока не замёрзли!",Включение реактора,all
"Экипаж, чёрт, энергия на нуле, включи реактор!",Включение реактора,all
"Ребят, срочно, возобнови работу реактора!",Включение реактора,all
"Слушайте все, реактор спит — разбуди его, пока не замёрзли!",Включение реактора,all
"Ребята, быстро, давай живее, подай энергию, быстро!",Включение реактора,all
"Всем внимание, кукумбер в отключке — включи, иначе мы превратимся в ледяные скульптуры!",Включение реактора,all
"Всех по местам, быстрее, реактор заглох, запускай!",Включение реактора,all
"Народ, срочно, кукумбер, проснись!",Включение реактора,all
"Всех по местам, немедленно, реактор заглох, запускай!",Включение реактора,all
"Экипаж, чёрт, пока не поздно, кукумбер, проснись!",Включение реактора,all
"Весь экипаж, давай живее, нам нужна энергия, а не тишина и смерть!",Включение реактора,all
"Команда, действуйте, реактор спит — разбуди его, пока не замёрзли!",Включение реактора,all
"Слушайте все, энергия — это наша кровь. включи её!",Включение реактора,all
"Все, давайте, пока не поздно, реактор заглох, запускай!",Включение реактора,all
"Экипаж, бегом, быстрее, кукумбер, проснись!",Включение реактора,all
"Экипаж, чёрт, срочно, нам нужна энергия, а не тишина и смерть!",Включение реактора,all
"Команда, срочно, немедленно, запусти реактор, или я сам влезу и дам по голове!",Включение реактора,all
"Народ, срочно, пока не поздно, возобнови работу реактора!",Включение реактора,all
"Экипаж, бегом, энергия на нуле, включи реактор!",Включение реактора,all
"Экипаж, чёрт, пока не поздно, кукумбер в отключке — включи, иначе мы превратимся в ледяные скульптуры!",Включение реактора,all
"Экипаж, срочно, пока не поздно, энергия на нуле, включи реактор!",Включение реактора,all
"Команда, действуйте, давай живее, кукумбер в отключке — включи, иначе мы превратимся в ледяные скульптуры!",Включение реактора,all
"Все, давайте, кукумбер в отключке — включи, иначе мы превратимся в ледяные скульптуры!",Включение реактора,all
"Ребят, срочно, быстрее, возобнови работу реактора!",Включение реактора,all
"Народ, срочно, быстрее, кукумбер в отключке — включи, иначе мы превратимся в ледяные скульптуры!",Включение реактора,all
"Команда, действуйте, немедленно, реактор спит — разбуди его, пока не замёрзли!",Включение реактора,all
"Все, давайте, давай живее, включи реактор, срочно!",Включение реактора,all
"Команда, действуйте, быстрее, реактор заглох, запускай!",Включение реактора,all
"Слушайте все, срочно, запусти реактор, или я сам влезу и дам по голове!",Включение реактора,all
"Народ, срочно, немедленно, активируй кукумбер!",Включение реактора,all
"Экипаж, бегом, пока не поздно, запусти реактор, или я сам влезу и дам по голове!",Включение реактора,all
"Всем внимание, пока не поздно, нам нужна энергия, а не тишина и смерть!",Включение реактора,all
"Все, давайте, нам нужна энергия, а не тишина и смерть!",Включение реактора,all
"Всем, немедленно, быстрее, энергия на нуле, включи реактор!",Включение реактора,all
"Всем, немедленно, срочно, включи реактор, срочно!",Включение реактора,all
"Экипаж, бегом, немедленно, энергия — это наша кровь. включи её!",Включение реактора,all
"Все, давайте, подай энергию, быстро!",Включение реактора,all
"Весь экипаж, быстрее, возобнови работу реактора!",Включение реактора,all
"Весь экипаж, энергия — это наша кровь. включи её!",Включение реактора,all
"Весь экипаж, давай живее, подай энергию, быстро!",Включение реактора,all
"Команда, срочно, срочно, запусти реактор, или я сам влезу и дам по голове!",Включение реактора,all
"Всем, немедленно, энергия — это наша кровь. включи её!",Включение реактора,all
"Экипаж, чёрт, пока не поздно, активируй кукумбер!",Включение реактора,all
"Слушайте все, давай живее, кукумбер, проснись!",Включение реактора,all
"Народ, срочно, энергия на нуле, включи реактор!",Включение реактора,all
"Экипаж, чёрт, пока не поздно, нам нужна энергия, а не тишина и смерть!",Включение реактора,all
"Срочно, кто рядом, давай живее, кукумбер, проснись!",Включение реактора,near
"Кто недалеко, пока не поздно, реактор спит — разбуди его, пока не замёрзли!",Включение реактора,near
"Кто ближе, делай, если реактор не запустится — мы не доживём до следующей станции!",Включение реактора,near
"Кто поблизости, давай живее, возобнови работу реактора!",Включение реактора,near
"Кто недалеко, быстрее, энергия на нуле, включи реактор!",Включение реактора,near
"Эй, ближайший, быстрее, энергия — это наша кровь. включи её!",Включение реактора,near
"Эй, ближайший, быстрее, включи реактор, срочно!",Включение реактора,near
"Кто здесь рядом, быстрее, нам нужна энергия, а не тишина и смерть!",Включение реактора,near
"Эй, кто рядом, возобнови работу реактора!",Включение реактора,near
"Кто здесь рядом, давай живее, подай энергию, быстро!",Включение реактора,near
"Кто недалеко, возобнови работу реактора!",Включение реактора,near
"Кто на связи, пока не поздно, включи реактор, срочно!",Включение реактора,near
"Кто недалеко, срочно, возобнови работу реактора!",Включение реактора,near
"Эй, кто рядом, запусти реактор, или я сам влезу и дам по голове!",Включение реактора,near
"Кто поблизости, быстрее, кукумбер в отключке — включи, иначе мы превратимся в ледяные скульптуры!",Включение реактора,near
"Подойди, быстро, немедленно, возобнови работу реактора!",Включение реактора,near
"Кто недалеко, пока не поздно, возобнови работу реактора!",Включение реактора,near
"Срочно, кто рядом, срочно, реактор спит — разбуди его, пока не замёрзли!",Включение реактора,near
"Подойди, быстро, давай живее, нам нужна энергия, а не тишина и смерть!",Включение реактора,near
"Кто ближе всех, немедленно, включи реактор, срочно!",Включение реактора,near
"Эй, кто рядом, давай живее, нам нужна энергия, а не тишина и смерть!",Включение реактора,near
"Подойди, быстро, немедленно, реактор заглох, запускай!",Включение реактора,near
"Эй, ты рядом, немедленно, возобнови работу реактора!",Включение реактора,near
"Эй, кто-то рядом, быстрее, кукумбер в отключке — включи, иначе мы превратимся в ледяные скульптуры!",Включение реактора,near
"Эй, кто рядом, давай живее, включи реактор, срочно!",Включение реактора,near
"Эй, ты рядом, включи реактор, срочно!",Включение реактора,near
"Кто ближе всех, немедленно, энергия на нуле, включи реактор!",Включение реактора,near
"Эй, кто рядом, пока не поздно, реактор заглох, запускай!",Включение реактора,near
"Кто недалеко, давай живее, если реактор не запустится — мы не доживём до следующей станции!",Включение реактора,near
"Кто здесь рядом, немедленно, реактор спит — разбуди его, пока не замёрзли!",Включение реактора,near
"Кто здесь рядом, давай живее, возобнови работу реактора!",Включение реактора,near
"Эй, ты рядом, немедленно, запусти реактор, или я сам влезу и дам по голове!",Включение реактора,near
"Кто здесь рядом, давай живее, активируй кукумбер!",Включение реактора,near
"Кто здесь, быстро, пока не поздно, энергия — это наша кровь. включи её!",Включение реактора,near
"Кто недалеко, пока не поздно, кукумбер, проснись!",Включение реактора,near
"Кто здесь рядом, немедленно, реактор заглох, запускай!",Включение реактора,near
"Кто ближе, делай, давай живее, возобнови работу реактора!",Включение реактора,near
"Подойди, быстро, быстрее, энергия на нуле, включи реактор!",Включение реактора,near
"Кто здесь, быстро, энергия на нуле, включи реактор!",Включение реактора,near
"Эй, ближайший, реактор спит — разбуди его, пока не замёрзли!",Включение реактора,near
"Кто здесь рядом, немедленно, если реактор не запустится — мы не доживём до следующей станции!",Включение реактора,near
"Эй, ближайший, срочно, кукумбер в отключке — включи, иначе мы превратимся в ледяные скульптуры!",Включение реактора,near
"Кто поблизости, немедленно, если реактор не запустится — мы не доживём до следующей станции!",Включение реактора,near
"Подойди, быстро, пока не поздно, возобнови работу реактора!",Включение реактора,near
"Эй, кто-то рядом, пока не поздно, кукумбер, проснись!",Включение реактора,near
"Кто на связи, быстрее, кукумбер в отключке — включи, иначе мы превратимся в ледяные скульптуры!",Включение реактора,near
"Кто здесь, быстро, давай живее, кукумбер в отключке — включи, иначе мы превратимся в ледяные скульптуры!",Включение реактора,near
"Срочно, кто рядом, давай живее, если реактор не запустится — мы не доживём до следующей станции!",Включение реактора,near
"Подойди, быстро, пока не поздно, запусти реактор, или я сам влезу и дам по голове!",Включение реактора,near
"Кто здесь, быстро, возобнови работу реактора!",Включение реактора,near
"Кто ближе, делай, подай энергию, быстро!",Включение реактора,near
"Эй, ближайший, немедленно, реактор спит — разбуди его, пока не замёрзли!",Включение реактора,near
"Кто поблизости, энергия — это наша кровь. включи её!",Включение реактора,near
"Эй, ты рядом, быстрее, включи реактор, срочно!",Включение реактора,near
"Кто на связи, давай живее, реактор спит — разбуди его, пока не замёрзли!",Включение реактора,near
"Кто здесь, быстро, давай живее, активируй кукумбер!",Включение реактора,near
"Кто на связи, немедленно, кукумбер в отключке — включи, иначе мы превратимся в ледяные скульптуры!",Включение реактора,near
"Кто здесь, быстро, срочно, если реактор не запустится — мы не доживём до следующей станции!",Включение реактора,near
"Срочно, кто рядом, немедленно, подай энергию, быстро!",Включение реактора,near
"Эй, ты рядом, давай живее, энергия на нуле, включи реактор!",Включение реактора,near
"Кто здесь, быстро, давай живее, кукумбер, проснись!",Включение реактора,near
"Подойди, быстро, быстрее, запусти реактор, или я сам влезу и дам по голове!",Включение реактора,near
"Подойди, быстро, немедленно, кукумбер, проснись!",Включение реактора,near
"Кто на связи, пока не поздно, реактор спит — разбуди его, пока не замёрзли!",Включение реактора,near
"Эй, кто-то рядом, немедленно, подай энергию, быстро!",Включение реактора,near
"Эй, ты рядом, быстрее, запусти реактор, или я сам влезу и дам по голове!",Включение реактора,near
"Кто здесь, быстро, нам нужна энергия, а не тишина и смерть!",Включение реактора,near
"Эй, ты рядом, реактор заглох, запускай!",Включение реактора,near
"Эй, ты рядом, срочно, нам нужна энергия, а не тишина и смерть!",Включение реактора,near
"Эй, ты рядом, активируй кукумбер!",Включение реактора,near
"Кто ближе всех, быстрее, кукумбер, проснись!",Включение реактора,near
"Кто здесь, быстро, пока не поздно, включи реактор, срочно!",Включение реактора,near
"Кто ближе всех, запусти реактор, или я сам влезу и дам по голове!",Включение реактора,near
"Кто ближе всех, давай живее, возобнови работу реактора!",Включение реактора,near
"Кто здесь рядом, включи реактор, срочно!",Включение реактора,near
"Кто ближе, делай, срочно, кукумбер в отключке — включи, иначе мы превратимся в ледяные скульптуры!",Включение реактора,near
"Эй, кто рядом, быстрее, если реактор не запустится — мы не доживём до следующей станции!",Включение реактора,near
"Кто здесь рядом, срочно, если реактор не запустится — мы не доживём до следующей станции!",Включение реактора,near
"Кто недалеко, пока не поздно, активируй кукумбер!",Включение реактора,near
"Эй, ты рядом, возобнови работу реактора!",Включение реактора,near
"Кто ближе всех, быстрее, возобнови работу реактора!",Включение реактора,near
"Срочно, кто рядом, включи реактор, срочно!",Включение реактора,near
"Кто поблизости, кукумбер в отключке — включи, иначе мы превратимся в ледяные скульптуры!",Включение реактора,near
"Эй, кто-то рядом, пока не поздно, если реактор не запустится — мы не доживём до следующей станции!",Включение реактора,near
"Кто ближе, делай, пока не поздно, если реактор не запустится — мы не доживём до следующей станции!",Включение реактора,near
"Кто поблизости, немедленно, включи реактор, срочно!",Включение реактора,near
"Кто ближе, делай, пока не поздно, активируй кукумбер!",Включение реактора,near
"Кто на связи, быстрее, реактор спит — разбуди его, пока не замёрзли!",Включение реактора,near
"Кто здесь рядом, быстрее, возобнови работу реактора!",Включение реактора,near
"Кто ближе всех, пока не поздно, активируй кукумбер!",Включение реактора,near
"Срочно, кто рядом, срочно, энергия на нуле, включи реактор!",Включение реактора,near
"Срочно, кто рядом, подай энергию, быстро!",Включение реактора,near
"Эй, кто рядом, немедленно, энергия на нуле, включи реактор!",Включение реактора,near
"Эй, ближайший, быстрее, кукумбер в отключке — включи, иначе мы превратимся в ледяные скульптуры!",Включение реактора,near
"Подойди, быстро, быстрее, реактор заглох, запускай!",Включение реактора,near
"Подойди, быстро, включи реактор, срочно!",Включение реактора,near
"Кто на связи, давай живее, возобнови работу реактора!",Включение реактора,near
"Кто здесь, быстро, если реактор не запустится — мы не доживём до следующей станции!",Включение реактора,near
"Кто на связи, включи реактор, срочно!",Включение реактора,near
"Кто ближе, делай, срочно, подай энергию, быстро!",Включение реактора,near
"Капитан, останови подачу энергии!",Выключение реактора,Капитан
"Капитан, заглуши, пока не превратился в новую звезду... в нашем корабле!",Выключение реактора,Капитан
"Капитан, пока не поздно, это не котел на даче — это ядерный реактор Выключай!",Выключение реактора,Капитан
"Срочно, капитан, заглуши реактор немедленно!",Выключение реактора,Капитан
"Капитан, давай живее, реактор готов взорваться — выключи, пока не стало поздно!",Выключение реактора,Капитан
"Немедленно, капитан, останови подачу энергии!",Выключение реактора,Капитан
"Капитан, пока не поздно, выключи реактор, перегрев!",Выключение реактора,Капитан
"Пока не поздно, заглуши реактор немедленно, капитан!",Выключение реактора,Капитан
"Капитан, заглуши реактор немедленно!",Выключение реактора,Капитан
"Пока не поздно, капитан, останови подачу энергии!",Выключение реактора,Капитан
"Пока не поздно, кукумбер уходит в шизу — отключи его, пока он не съел нас, капитан!",Выключение реактора,Капитан
"Кукумбер уходит в шизу — отключи его, капитан, пока он не съел нас!",Выключение реактора,Капитан
"Немедленно, реактор бурлит, гаси, капитан!",Выключение реактора,Капитан
"Срочно, капитан, отключи питание срочно!",Выключение реактора,Капитан
"Капитан, немедленно, выключи реактор, перегрев!",Выключение реактора,Капитан
"Капитан, это не котел на даче — это ядерный реактор Выключай!",Выключение реактора,Капитан
"Быстрее, останови подачу энергии, капитан!",Выключение реактора,Капитан
"Капитан, реактор готов взорваться — выключи, пока не стало поздно!",Выключение реактора,Капитан
"Быстрее, это не котел на даче — это ядерный реактор Выключай, капитан!",Выключение реактора,Капитан
"Капитан, немедленно, кукумбер уходит в шизу — отключи его, пока он не съел нас!",Выключение реактора,Капитан
"Давай живее, реактор готов взорваться — выключи, пока не стало поздно, капитан!",Выключение реактора,Капитан
"Капитан, срочно, кукумбер уходит в шизу — отключи его, пока он не съел нас!",Выключение реактора,Капитан
"Капитан, быстрее, кукумбер уходит в шизу — отключи его, пока он не съел нас!",Выключение реактора,Капитан
"Давай живее, заглуши, пока не превратился в новую звезду... в нашем корабле, капитан!",Выключение реактора,Капитан
"Капитан, срочно, отключи питание срочно!",Выключение реактора,Капитан
"Быстрее, отключи питание срочно, капитан!",Выключение реактора,Капитан
"Давай живее, капитан, останови подачу энергии!",Выключение реактора,Капитан
"Капитан, давай живее, выключи реактор, перегрев!",Выключение реактора,Капитан
"Немедленно, это не котел на даче — это ядерный реактор Выключай, капитан!",Выключение реактора,Капитан
"Немедленно, деактивируй кукумбер, капитан!",Выключение реактора,Капитан
Это не котел на даче — это ядерный реактор Выключай!,Выключение реактора,Капитан
"Срочно, кукумбер уходит в шизу — отключи его, пока он не съел нас, капитан!",Выключение реактора,Капитан
"Капитан, немедленно, заглуши реактор немедленно!",Выключение реактора,Капитан
"Немедленно, капитан, это не котел на даче — это ядерный реактор Выключай!",Выключение реактора,Капитан
"Давай живее, заглуши реактор немедленно, капитан!",Выключение реактора,Капитан
"Реактор бурлит, капитан, гаси!",Выключение реактора,Капитан
"Пока не поздно, выключи реактор, перегрев, капитан!",Выключение реактора,Капитан
"Капитан, деактивируй кукумбер!",Выключение реактора,Капитан
"Капитан, немедленно, отключи питание срочно!",Выключение реактора,Капитан
"Капитан, выключи реактор, перегрев!",Выключение реактора,Капитан
"Немедленно, останови подачу энергии, капитан!",Выключение реактора,Капитан
Останови подачу энергии!,Выключение реактора,Капитан
"Срочно, капитан, останови подачу энергии!",Выключение реактора,Капитан
"Быстрее, выключи реактор, перегрев, капитан!",Выключение реактора,Капитан
"Срочно, заглуши реактор немедленно, капитан!",Выключение реактора,Капитан
"Деактивируй кукумбер, капитан!",Выключение реактора,Капитан
"Немедленно, капитан, отключи питание срочно!",Выключение реактора,Капитан
"Срочно, отключи питание срочно, капитан!",Выключение реактора,Капитан
"Капитан, быстрее, выключи реактор, перегрев!",Выключение реактора,Капитан
"Пока не поздно, заглуши, пока не превратился в новую звезду... в нашем корабле, капитан!",Выключение реактора,Капитан
"Капитан, давай живее, заглуши реактор немедленно!",Выключение реактора,Капитан
"Пока не поздно, отключи питание срочно, капитан!",Выключение реактора,Капитан
"Заглуши, пока не превратился в новую звезду... в нашем корабле, капитан!",Выключение реактора,Капитан
"Реактор бурлит, гаси, капитан!",Выключение реактора,Капитан
"Быстрее, капитан, заглуши реактор немедленно!",Выключение реактора,Капитан
"Срочно, останови подачу энергии, капитан!",Выключение реактора,Капитан
"Капитан, давай живее, заглуши, пока не превратился в новую звезду... в нашем корабле!",Выключение реактора,Капитан
"Быстрее, деактивируй кукумбер, капитан!",Выключение реактора,Капитан
"Быстрее, капитан, кукумбер уходит в шизу — отключи его, пока он не съел нас!",Выключение реактора,Капитан
"Давай живее, кукумбер уходит в шизу — отключи его, пока он не съел нас, капитан!",Выключение реактора,Капитан
"Давай живее, реактор бурлит, гаси, капитан!",Выключение реактора,Капитан
"Пока не поздно, капитан, заглуши, пока не превратился в новую звезду... в нашем корабле!",Выключение реактора,Капитан
"Пока не поздно, капитан, реактор бурлит, гаси!",Выключение реактора,Капитан
"Срочно, реактор бурлит, гаси, капитан!",Выключение реактора,Капитан
"Срочно, капитан, заглуши, пока не превратился в новую звезду... в нашем корабле!",Выключение реактора,Капитан
"Капитан, пока не поздно, останови подачу энергии!",Выключение реактора,Капитан
"Капитан, давай живее, деактивируй кукумбер!",Выключение реактора,Капитан
"Давай живее, капитан, реактор бурлит, гаси!",Выключение реактора,Капитан
"Немедленно, капитан, деактивируй кукумбер!",Выключение реактора,Капитан
"Выключи реактор, капитан, перегрев!",Выключение реактора,Капитан
"Капитан, отключи питание срочно!",Выключение реактора,Капитан
"Заглуши, капитан, пока не превратился в новую звезду... в нашем корабле!",Выключение реактора,Капитан
"Давай живее, деактивируй кукумбер, капитан!",Выключение реактора,Капитан
"Капитан, срочно, реактор бурлит, гаси!",Выключение реактора,Капитан
"Давай живее, останови подачу энергии, капитан!",Выключение реактора,Капитан
"Пока не поздно, реактор готов взорваться — выключи, пока не стало поздно, капитан!",Выключение реактора,Капитан
"Срочно, капитан, реактор бурлит, гаси!",Выключение реактора,Капитан
"Заглуши реактор немедленно, капитан!",Выключение реактора,Капитан
"Это не котел на даче — это ядерный реактор Выключай, капитан!",Выключение реактора,Капитан
"Давай живее, капитан, заглуши, пока не превратился в новую звезду... в нашем корабле!",Выключение реактора,Капитан
"Пока не поздно, реактор бурлит, гаси, капитан!",Выключение реактора,Капитан
"Немедленно, кукумбер уходит в шизу — отключи его, пока он не съел нас, капитан!",Выключение реактора,Капитан
Деактивируй кукумбер!,Выключение реактора,Капитан
"Быстрее, капитан, выключи реактор, перегрев!",Выключение реактора,Капитан
Заглуши реактор немедленно!,Выключение реактора,Капитан
"Быстрее, капитан, деактивируй кукумбер!",Выключение реактора,Капитан
"Выключи реактор, перегрев, капитан!",Выключение реактора,Капитан
"Срочно, реактор готов взорваться — выключи, пока не стало поздно, капитан!",Выключение реактора,Капитан
"Срочно, капитан, реактор готов взорваться — выключи, пока не стало поздно!",Выключение реактора,Капитан
"Капитан, пока не поздно, реактор готов взорваться — выключи, пока не стало поздно!",Выключение реактора,Капитан
"Срочно, выключи реактор, перегрев, капитан!",Выключение реактора,Капитан
"Давай живее, капитан, это не котел на даче — это ядерный реактор Выключай!",Выключение реактора,Капитан
"Капитан, немедленно, заглуши, пока не превратился в новую звезду... в нашем корабле!",Выключение реактора,Капитан
"Срочно, капитан, это не котел на даче — это ядерный реактор Выключай!",Выключение реактора,Капитан
"Давай живее, капитан, отключи питание срочно!",Выключение реактора,Капитан
Отключи питание срочно!,Выключение реактора,Капитан
"Капитан, реактор бурлит, гаси!",Выключение реактора,Капитан
"Капитан, пока не поздно, кукумбер уходит в шизу — отключи его, пока он не съел нас!",Выключение реактора,Капитан
"Немедленно, заглуши, пока не превратился в новую звезду... в нашем корабле, капитан!",Выключение реактора,Капитан
"Немедленно, капитан, выключи реактор, перегрев!",Выключение реактора,Капитан
"Немедленно, охранник, кукумбер уходит в шизу — отключи его, пока он не съел нас!",Выключение реактора,Охранник
"Давай живее, заглуши реактор немедленно, охранник!",Выключение реактора,Охранник
"Давай живее, кукумбер уходит в шизу — отключи его, пока он не съел нас, охранник!",Выключение реактора,Охранник
"Заглуши, охранник, пока не превратился в новую звезду... в нашем корабле!",Выключение реактора,Охранник
"Давай живее, реактор готов взорваться — выключи, пока не стало поздно, охранник!",Выключение реактора,Охранник
"Охранник, давай живее, деактивируй кукумбер!",Выключение реактора,Охранник
"Охранник, отключи питание срочно!",Выключение реактора,Охранник
"Срочно, отключи питание срочно, охранник!",Выключение реактора,Охранник
"Охранник, пока не поздно, деактивируй кукумбер!",Выключение реактора,Охранник
"Давай живее, выключи реактор, перегрев, охранник!",Выключение реактора,Охранник
"Давай живее, охранник, реактор готов взорваться — выключи, пока не стало поздно!",Выключение реактора,Охранник
"Быстрее, останови подачу энергии, охранник!",Выключение реактора,Охранник
"Быстрее, охранник, выключи реактор, перегрев!",Выключение реактора,Охранник
"Останови подачу энергии, охранник!",Выключение реактора,Охранник
"Быстрее, реактор бурлит, гаси, охранник!",Выключение реактора,Охранник
"Быстрее, охранник, реактор готов взорваться — выключи, пока не стало поздно!",Выключение реактора,Охранник
"Заглуши, пока не превратился в новую звезду... в нашем корабле, охранник!",Выключение реактора,Охранник
"Отключи питание срочно, охранник!",Выключение реактора,Охранник
"Немедленно, это не котел на даче — это ядерный реактор Выключай, охранник!",Выключение реактора,Охранник
"Кукумбер уходит в шизу — отключи его, охранник, пока он не съел нас!",Выключение реактора,Охранник
"Охранник, пока не поздно, отключи питание срочно!",Выключение реактора,Охранник
"Срочно, охранник, выключи реактор, перегрев!",Выключение реактора,Охранник
"Пока не поздно, реактор готов взорваться — выключи, пока не стало поздно, охранник!",Выключение реактора,Охранник
"Быстрее, охранник, отключи питание срочно!",Выключение реактора,Охранник
"Охранник, пока не поздно, выключи реактор, перегрев!",Выключение реактора,Охранник
"Быстрее, кукумбер уходит в шизу — отключи его, пока он не съел нас, охранник!",Выключение реактора,Охранник
"Давай живее, охранник, останови подачу энергии!",Выключение реактора,Охранник
"Давай живее, заглуши, пока не превратился в новую звезду... в нашем корабле, охранник!",Выключение реактора,Охранник
"Заглуши реактор немедленно, охранник!",Выключение реактора,Охранник
"Реактор готов взорваться — выключи, пока не стало поздно, охранник!",Выключение реактора,Охранник
"Реактор бурлит, охранник, гаси!",Выключение реактора,Охранник
"Срочно, охранник, заглуши реактор немедленно!",Выключение реактора,Охранник
"Быстрее, отключи питание срочно, охранник!",Выключение реактора,Охранник
"Это не котел на даче — это ядерный реактор Выключай, охранник!",Выключение реактора,Охранник
"Охранник, останови подачу энергии!",Выключение реактора,Охранник
"Выключи реактор, охранник, перегрев!",Выключение реактора,Охранник
"Охранник, быстрее, отключи питание срочно!",Выключение реактора,Охранник
"Немедленно, охранник, реактор бурлит, гаси!",Выключение реактора,Охранник
"Быстрее, охранник, деактивируй кукумбер!",Выключение реактора,Охранник
"Охранник, пока не поздно, реактор готов взорваться — выключи, пока не стало поздно!",Выключение реактора,Охранник
"Охранник, быстрее, останови подачу энергии!",Выключение реактора,Охранник
"Срочно, охранник, останови подачу энергии!",Выключение реактора,Охранник
"Охранник, срочно, останови подачу энергии!",Выключение реактора,Охранник
"Немедленно, охранник, заглуши, пока не превратился в новую звезду... в нашем корабле!",Выключение реактора,Охранник
"Быстрее, заглуши, пока не превратился в новую звезду... в нашем корабле, охранник!",Выключение реактора,Охранник
"Охранник, быстрее, это не котел на даче — это ядерный реактор Выключай!",Выключение реактора,Охранник
"Охранник, это не котел на даче — это ядерный реактор Выключай!",Выключение реактора,Охранник
"Пока не поздно, заглуши, пока не превратился в новую звезду... в нашем корабле, охранник!",Выключение реактора,Охранник
"Срочно, охранник, деактивируй кукумбер!",Выключение реактора,Охранник
"Пока не поздно, кукумбер уходит в шизу — отключи его, пока он не съел нас, охранник!",Выключение реактора,Охранник
"Срочно, останови подачу энергии, охранник!",Выключение реактора,Охранник
"Охранник, быстрее, деактивируй кукумбер!",Выключение реактора,Охранник
"Кукумбер уходит в шизу — отключи его, пока он не съел нас, охранник!",Выключение реактора,Охранник
"Пока не поздно, охранник, реактор бурлит, гаси!",Выключение реактора,Охранник
"Быстрее, реактор готов взорваться — выключи, пока не стало поздно, охранник!",Выключение реактора,Охранник
"Реактор готов взорваться — выключи, охранник, пока не стало поздно!",Выключение реактора,Охранник
"Охранник, немедленно, реактор готов взорваться — выключи, пока не стало поздно!",Выключение реактора,Охранник
"Быстрее, охранник, заглуши, пока не превратился в новую звезду... в нашем корабле!",Выключение реактора,Охранник
"Быстрее, охранник, реактор бурлит, гаси!",Выключение реактора,Охранник
"Выключи реактор, перегрев, охранник!",Выключение реактора,Охранник
"Пока не поздно, охранник, заглуши, пока не превратился в новую звезду... в нашем корабле!",Выключение реактора,Охранник
"Немедленно, охранник, останови подачу энергии!",Выключение реактора,Охранник
"Охранник, срочно, кукумбер уходит в шизу — отключи его, пока он не съел нас!",Выключение реактора,Охранник
"Немедленно, деактивируй кукумбер, охранник!",Выключение реактора,Охранник
"Пока не поздно, реактор бурлит, гаси, охранник!",Выключение реактора,Охранник
"Охранник, быстрее, заглуши, пока не превратился в новую звезду... в нашем корабле!",Выключение реактора,Охранник
"Немедленно, охранник, выключи реактор, перегрев!",Выключение реактора,Охранник
"Немедленно, реактор готов взорваться — выключи, пока не стало поздно, охранник!",Выключение реактора,Охранник
"Пока не поздно, охранник, это не котел на даче — это ядерный реактор Выключай!",Выключение реактора,Охранник
"Срочно, охранник, кукумбер уходит в шизу — отключи его, пока он не съел нас!",Выключение реактора,Охранник
"Давай живее, деактивируй кукумбер, охранник!",Выключение реактора,Охранник
"Охранник, заглуши реактор немедленно!",Выключение реактора,Охранник
"Срочно, реактор готов взорваться — выключи, пока не стало поздно, охранник!",Выключение реактора,Охранник
"Немедленно, заглуши реактор немедленно, охранник!",Выключение реактора,Охранник
"Охранник, деактивируй кукумбер!",Выключение реактора,Охранник
"Пока не поздно, охранник, деактивируй кукумбер!",Выключение реактора,Охранник
"Быстрее, деактивируй кукумбер, охранник!",Выключение реактора,Охранник
"Пока не поздно, охранник, отключи питание срочно!",Выключение реактора,Охранник
"Быстрее, охранник, это не котел на даче — это ядерный реактор Выключай!",Выключение реактора,Охранник
"Охранник, немедленно, реактор бурлит, гаси!",Выключение реактора,Охранник
"Охранник, давай живее, останови подачу энергии!",Выключение реактора,Охранник
"Пока не поздно, охранник, выключи реактор, перегрев!",Выключение реактора,Охранник
"Охранник, немедленно, выключи реактор, перегрев!",Выключение реактора,Охранник
"Охранник, заглуши, пока не превратился в новую звезду... в нашем корабле!",Выключение реактора,Охранник
"Быстрее, заглуши реактор немедленно, охранник!",Выключение реактора,Охранник
"Охранник, реактор бурлит, гаси!",Выключение реактора,Охранник
"Давай живее, охранник, заглуши, пока не превратился в новую звезду... в нашем корабле!",Выключение реактора,Охранник
"Охранник, давай живее, отключи питание срочно!",Выключение реактора,Охранник
"Пока не поздно, охранник, реактор готов взорваться — выключи, пока не стало поздно!",Выключение реактора,Охранник
"Давай живее, охранник, выключи реактор, перегрев!",Выключение реактора,Охранник
"Деактивируй кукумбер, охранник!",Выключение реактора,Охранник
"Пока не поздно, охранник, заглуши реактор немедленно!",Выключение реактора,Охранник
"Быстрее, охранник, останови подачу энергии!",Выключение реактора,Охранник
"Охранник, срочно, это не котел на даче — это ядерный реактор Выключай!",Выключение реактора,Охранник
"Охранник, давай живее, это не котел на даче — это ядерный реактор Выключай!",Выключение реактора,Охранник
"Охранник, быстрее, реактор готов взорваться — выключи, пока не стало поздно!",Выключение реактора,Охранник
"Быстрее, выключи реактор, перегрев, охранник!",Выключение реактора,Охранник
"Охранник, кукумбер уходит в шизу — отключи его, пока он не съел нас!",Выключение реактора,Охранник
"Немедленно, заглуши, пока не превратился в новую звезду... в нашем корабле, охранник!",Выключение реактора,Охранник
"Срочно, выключи реактор, перегрев, охранник!",Выключение реактора,Охранник
"Выключи реактор, перегрев, медик!",Выключение реактора,Медик
"Быстрее, медик, отключи питание срочно!",Выключение реактора,Медик
"Пока не поздно, заглуши реактор немедленно, медик!",Выключение реактора,Медик
"Медик, отключи питание срочно!",Выключение реактора,Медик
"Давай живее, кукумбер уходит в шизу — отключи его, пока он не съел нас, медик!",Выключение реактора,Медик
"Давай живее, отключи питание срочно, медик!",Выключение реактора,Медик
"Заглуши реактор немедленно, медик!",Выключение реактора,Медик
"Немедленно, медик, реактор бурлит, гаси!",Выключение реактора,Медик
"Медик, пока не поздно, отключи питание срочно!",Выключение реактора,Медик
"Быстрее, медик, заглуши реактор немедленно!",Выключение реактора,Медик
"Медик, быстрее, это не котел на даче — это ядерный реактор Выключай!",Выключение реактора,Медик
"Медик, останови подачу энергии!",Выключение реактора,Медик
"Выключи реактор, медик, перегрев!",Выключение реактора,Медик
"Медик, давай живее, реактор бурлит, гаси!",Выключение реактора,Медик
"Немедленно, кукумбер уходит в шизу — отключи его, пока он не съел нас, медик!",Выключение реактора,Медик
"Медик, давай живее, останови подачу энергии!",Выключение реактора,Медик
"Медик, реактор готов взорваться — выключи, пока не стало поздно!",Выключение реактора,Медик
"Медик, немедленно, выключи реактор, перегрев!",Выключение реактора,Медик
"Быстрее, реактор готов взорваться — выключи, пока не стало поздно, медик!",Выключение реактора,Медик
"Немедленно, медик, отключи питание срочно!",Выключение реактора,Медик
"Медик, немедленно, реактор готов взорваться — выключи, пока не стало поздно!",Выключение реактора,Медик
"Пока не поздно, отключи питание срочно, медик!",Выключение реактора,Медик
"Давай живее, медик, деактивируй кукумбер!",Выключение реактора,Медик
"Давай живее, медик, заглуши реактор немедленно!",Выключение реактора,Медик
"Останови подачу энергии, медик!",Выключение реактора,Медик
"Реактор готов взорваться — выключи, медик, пока не стало поздно!",Выключение реактора,Медик
"Пока не поздно, деактивируй кукумбер, медик!",Выключение реактора,Медик
"Немедленно, медик, заглуши, пока не превратился в новую звезду... в нашем корабле!",Выключение реактора,Медик
"Быстрее, медик, кукумбер уходит в шизу — отключи его, пока он не съел нас!",Выключение реактора,Медик
"Срочно, медик, кукумбер уходит в шизу — отключи его, пока он не съел нас!",Выключение реактора,Медик
"Давай живее, деактивируй кукумбер, медик!",Выключение реактора,Медик
"Деактивируй кукумбер, медик!",Выключение реактора,Медик
"Давай живее, реактор бурлит, гаси, медик!",Выключение реактора,Медик
"Медик, кукумбер уходит в шизу — отключи его, пока он не съел нас!",Выключение реактора,Медик
"Быстрее, медик, выключи реактор, перегрев!",Выключение реактора,Медик
"Срочно, реактор бурлит, гаси, медик!",Выключение реактора,Медик
"Заглуши, медик, пока не превратился в новую звезду... в нашем корабле!",Выключение реактора,Медик
"Немедленно, выключи реактор, перегрев, медик!",Выключение реактора,Медик
"Медик, срочно, останови подачу энергии!",Выключение реактора,Медик
"Срочно, заглуши реактор немедленно, медик!",Выключение реактора,Медик
"Медик, деактивируй кукумбер!",Выключение реактора,Медик
"Немедленно, медик, заглуши реактор немедленно!",Выключение реактора,Медик
"Быстрее, это не котел на даче — это ядерный реактор Выключай, медик!",Выключение реактора,Медик
"Немедленно, медик, останови подачу энергии!",Выключение реактора,Медик
"Быстрее, медик, реактор бурлит, гаси!",Выключение реактора,Медик
"Давай живее, медик, это не котел на даче — это ядерный реактор Выключай!",Выключение реактора,Медик
"Пока не поздно, реактор бурлит, гаси, медик!",Выключение реактора,Медик
"Реактор бурлит, медик, гаси!",Выключение реактора,Медик
"Немедленно, медик, деактивируй кукумбер!",Выключение реактора,Медик
"Быстрее, медик, заглуши, пока не превратился в новую звезду... в нашем корабле!",Выключение реактора,Медик
"Это не котел на даче — это ядерный реактор Выключай, медик!",Выключение реактора,Медик
"Быстрее, медик, это не котел на даче — это ядерный реактор Выключай!",Выключение реактора,Медик
"Быстрее, реактор бурлит, гаси, медик!",Выключение реактора,Медик
"Немедленно, деактивируй кукумбер, медик!",Выключение реактора,Медик
"Срочно, выключи реактор, перегрев, медик!",Выключение реактора,Медик
"Немедленно, медик, это не котел на даче — это ядерный реактор Выключай!",Выключение реактора,Медик
"Медик, быстрее, выключи реактор, перегрев!",Выключение реактора,Медик
"Кукумбер уходит в шизу — отключи его, медик, пока он не съел нас!",Выключение реактора,Медик
"Медик, реактор бурлит, гаси!",Выключение реактора,Медик
"Заглуши, пока не превратился в новую звезду... в нашем корабле, медик!",Выключение реактора,Медик
"Пока не поздно, медик, деактивируй кукумбер!",Выключение реактора,Медик
"Пока не поздно, реактор готов взорваться — выключи, пока не стало поздно, медик!",Выключение реактора,Медик
"Срочно, медик, заглуши, пока не превратился в новую звезду... в нашем корабле!",Выключение реактора,Медик
"Срочно, кукумбер уходит в шизу — отключи его, пока он не съел нас, медик!",Выключение реактора,Медик
"Медик, немедленно, это не котел на даче — это ядерный реактор Выключай!",Выключение реактора,Медик
"Отключи питание срочно, медик!",Выключение реактора,Медик
"Пока не поздно, останови подачу энергии, медик!",Выключение реактора,Медик
"Медик, давай живее, это не котел на даче — это ядерный реактор Выключай!",Выключение реактора,Медик
"Пока не поздно, медик, это не котел на даче — это ядерный реактор Выключай!",Выключение реактора,Медик
"Медик, срочно, кукумбер уходит в шизу — отключи его, пока он не съел нас!",Выключение реактора,Медик
"Кукумбер уходит в шизу — отключи его, пока он не съел нас, медик!",Выключение реактора,Медик
"Срочно, останови подачу энергии, медик!",Выключение реактора,Медик
"Медик, быстрее, реактор готов взорваться — выключи, пока не стало поздно!",Выключение реактора,Медик
"Давай живее, медик, отключи питание срочно!",Выключение реактора,Медик
"Медик, заглуши реактор немедленно!",Выключение реактора,Медик
"Немедленно, останови подачу энергии, медик!",Выключение реактора,Медик
"Медик, быстрее, деактивируй кукумбер!",Выключение реактора,Медик
"Немедленно, медик, кукумбер уходит в шизу — отключи его, пока он не съел нас!",Выключение реактора,Медик
"Срочно, отключи питание срочно, медик!",Выключение реактора,Медик
"Медик, срочно, заглуши реактор немедленно!",Выключение реактора,Медик
"Немедленно, реактор бурлит, гаси, медик!",Выключение реактора,Медик
"Медик, немедленно, останови подачу энергии!",Выключение реактора,Медик
"Медик, давай живее, заглуши реактор немедленно!",Выключение реактора,Медик
"Пока не поздно, медик, реактор готов взорваться — выключи, пока не стало поздно!",Выключение реактора,Медик
"Пока не поздно, выключи реактор, перегрев, медик!",Выключение реактора,Медик
"Быстрее, кукумбер уходит в шизу — отключи его, пока он не съел нас, медик!",Выключение реактора,Медик
"Медик, выключи реактор, перегрев!",Выключение реактора,Медик
"Пока не поздно, медик, реактор бурлит, гаси!",Выключение реактора,Медик
"Давай живее, реактор готов взорваться — выключи, пока не стало поздно, медик!",Выключение реактора,Медик
"Давай живее, это не котел на даче — это ядерный реактор Выключай, медик!",Выключение реактора,Медик
"Срочно, медик, деактивируй кукумбер!",Выключение реактора,Медик
"Быстрее, деактивируй кукумбер, медик!",Выключение реактора,Медик
"Давай живее, медик, реактор бурлит, гаси!",Выключение реактора,Медик
"Давай живее, медик, кукумбер уходит в шизу — отключи его, пока он не съел нас!",Выключение реактора,Медик
"Давай живее, медик, реактор готов взорваться — выключи, пока не стало поздно!",Выключение реактора,Медик
"Медик, быстрее, кукумбер уходит в шизу — отключи его, пока он не съел нас!",Выключение реактора,Медик
"Срочно, медик, выключи реактор, перегрев!",Выключение реактора,Медик
"Давай живее, выключи реактор, перегрев, медик!",Выключение реактора,Медик
"Медик, давай живее, реактор готов взорваться — выключи, пока не стало поздно!",Выключение реактора,Медик
"Давай живее, медик, заглуши, пока не превратился в новую звезду... в нашем корабле!",Выключение реактора,Медик
"Инженер, немедленно, реактор бурлит, гаси!",Выключение реактора,Инженер
"Инженер, пока не поздно, заглуши реактор немедленно!",Выключение реактора,Инженер
"Пока не поздно, останови подачу энергии, инженер!",Выключение реактора,Инженер
"Срочно, инженер, останови подачу энергии!",Выключение реактора,Инженер
"Быстрее, отключи питание срочно, инженер!",Выключение реактора,Инженер
"Инженер, немедленно, заглуши реактор немедленно!",Выключение реактора,Инженер
"Немедленно, инженер, останови подачу энергии!",Выключение реактора,Инженер
"Срочно, инженер, реактор готов взорваться — выключи, пока не стало поздно!",Выключение реактора,Инженер
"Быстрее, деактивируй кукумбер, инженер!",Выключение реактора,Инженер
"Немедленно, кукумбер уходит в шизу — отключи его, пока он не съел нас, инженер!",Выключение реактора,Инженер
"Давай живее, заглуши, пока не превратился в новую звезду... в нашем корабле, инженер!",Выключение реактора,Инженер
"Инженер, кукумбер уходит в шизу — отключи его, пока он не съел нас!",Выключение реактора,Инженер
"Заглуши, инженер, пока не превратился в новую звезду... в нашем корабле!",Выключение реактора,Инженер
"Реактор готов взорваться — выключи, пока не стало поздно, инженер!",Выключение реактора,Инженер
"Быстрее, инженер, выключи реактор, перегрев!",Выключение реактора,Инженер
"Деактивируй кукумбер, инженер!",Выключение реактора,Инженер
"Срочно, инженер, реактор бурлит, гаси!",Выключение реактора,Инженер
"Реактор готов взорваться — выключи, инженер, пока не стало поздно!",Выключение реактора,Инженер
"Выключи реактор, инженер, перегрев!",Выключение реактора,Инженер
"Инженер, немедленно, выключи реактор, перегрев!",Выключение реактора,Инженер
"Немедленно, отключи питание срочно, инженер!",Выключение реактора,Инженер
"Пока не поздно, инженер, это не котел на даче — это ядерный реактор Выключай!",Выключение реактора,Инженер
"Срочно, кукумбер уходит в шизу — отключи его, пока он не съел нас, инженер!",Выключение реактора,Инженер
"Быстрее, реактор бурлит, гаси, инженер!",Выключение реактора,Инженер
"Давай живее, это не котел на даче — это ядерный реактор Выключай, инженер!",Выключение реактора,Инженер
"Инженер, немедленно, кукумбер уходит в шизу — отключи его, пока он не съел нас!",Выключение реактора,Инженер
"Инженер, немедленно, деактивируй кукумбер!",Выключение реактора,Инженер
"Выключи реактор, перегрев, инженер!",Выключение реактора,Инженер
"Инженер, немедленно, отключи питание срочно!",Выключение реактора,Инженер
"Немедленно, инженер, заглуши, пока не превратился в новую звезду... в нашем корабле!",Выключение реактора,Инженер
"Инженер, заглуши, пока не превратился в новую звезду... в нашем корабле!",Выключение реактора,Инженер
"Пока не поздно, инженер, отключи питание срочно!",Выключение реактора,Инженер
"Инженер, давай живее, заглуши, пока не превратился в новую звезду... в нашем корабле!",Выключение реактора,Инженер
"Инженер, быстрее, заглуши реактор немедленно!",Выключение реактора,Инженер
"Инженер, срочно, заглуши реактор немедленно!",Выключение реактора,Инженер
"Кукумбер уходит в шизу — отключи его, пока он не съел нас, инженер!",Выключение реактора,Инженер
"Пока не поздно, инженер, кукумбер уходит в шизу — отключи его, пока он не съел нас!",Выключение реактора,Инженер
"Срочно, реактор бурлит, гаси, инженер!",Выключение реактора,Инженер
"Давай живее, заглуши реактор немедленно, инженер!",Выключение реактора,Инженер
"Останови подачу энергии, инженер!",Выключение реактора,Инженер
"Инженер, заглуши реактор немедленно!",Выключение реактора,Инженер
"Инженер, пока не поздно, это не котел на даче — это ядерный реактор Выключай!",Выключение реактора,Инженер
"Срочно, деактивируй кукумбер, инженер!",Выключение реактора,Инженер
"Это не котел на даче — это ядерный реактор Выключай, инженер!",Выключение реактора,Инженер
"Реактор бурлит, гаси, инженер!",Выключение реактора,Инженер
"Инженер, быстрее, заглуши, пока не превратился в новую звезду... в нашем корабле!",Выключение реактора,Инженер
"Инженер, реактор бурлит, гаси!",Выключение реактора,Инженер
"Кукумбер уходит в шизу — отключи его, инженер, пока он не съел нас!",Выключение реактора,Инженер
"Немедленно, заглуши реактор немедленно, инженер!",Выключение реактора,Инженер
"Немедленно, останови подачу энергии, инженер!",Выключение реактора,Инженер
"Немедленно, это не котел на даче — это ядерный реактор Выключай, инженер!",Выключение реактора,Инженер
"Срочно, выключи реактор, перегрев, инженер!",Выключение реактора,Инженер
"Быстрее, инженер, заглуши, пока не превратился в новую звезду... в нашем корабле!",Выключение реактора,Инженер
"Инженер, срочно, заглуши, пока не превратился в новую звезду... в нашем корабле!",Выключение реактора,Инженер
"Пока не поздно, инженер, реактор готов взорваться — выключи, пока не стало поздно!",Выключение реактора,Инженер
"Давай живее, выключи реактор, перегрев, инженер!",Выключение реактора,Инженер
"Инженер, быстрее, кукумбер уходит в шизу — отключи его, пока он не съел нас!",Выключение реактора,Инженер
"Инженер, давай живее, реактор готов взорваться — выключи, пока не стало поздно!",Выключение реактора,Инженер
"Давай живее, реактор готов взорваться — выключи, пока не стало поздно, инженер!",Выключение реактора,Инженер
"Немедленно, инженер, реактор бурлит, гаси!",Выключение реактора,Инженер
"Инженер, останови подачу энергии!",Выключение реактора,Инженер
"Инженер, пока не поздно, заглуши, пока не превратился в новую звезду... в нашем корабле!",Выключение реактора,Инженер
"Пока не поздно, инженер, реактор бурлит, гаси!",Выключение реактора,Инженер
"Инженер, срочно, кукумбер уходит в шизу — отключи его, пока он не съел нас!",Выключение реактора,Инженер
"Срочно, отключи питание срочно, инженер!",Выключение реактора,Инженер
"Пока не поздно, инженер, деактивируй кукумбер!",Выключение реактора,Инженер
"Немедленно, инженер, реактор готов взорваться — выключи, пока не стало поздно!",Выключение реактора,Инженер
"Инженер, это не котел на даче — это ядерный реактор Выключай!",Выключение реактора,Инженер
"Давай живее, инженер, это не котел на даче — это ядерный реактор Выключай!",Выключение реактора,Инженер
"Инженер, немедленно, реактор готов взорваться — выключи, пока не стало поздно!",Выключение реактора,Инженер
"Инженер, давай живее, реактор бурлит, гаси!",Выключение реактора,Инженер
"Давай живее, отключи питание срочно, инженер!",Выключение реактора,Инженер
"Пока не поздно, инженер, заглуши реактор немедленно!",Выключение реактора,Инженер
"Давай живее, инженер, кукумбер уходит в шизу — отключи его, пока он не съел нас!",Выключение реактора,Инженер
"Инженер, быстрее, отключи питание срочно!",Выключение реактора,Инженер
"Быстрее, инженер, заглуши реактор немедленно!",Выключение реактора,Инженер
"Инженер, пока не поздно, отключи питание срочно!",Выключение реактора,Инженер
"Быстрее, инженер, реактор бурлит, гаси!",Выключение реактора,Инженер
"Инженер, давай живее, кукумбер уходит в шизу — отключи его, пока он не съел нас!",Выключение реактора,Инженер
"Инженер, выключи реактор, перегрев!",Выключение реактора,Инженер
"Заглуши, пока не превратился в новую звезду... в нашем корабле, инженер!",Выключение реактора,Инженер
"Давай живее, инженер, реактор бурлит, гаси!",Выключение реактора,Инженер
"Инженер, деактивируй кукумбер!",Выключение реактора,Инженер
"Реактор бурлит, инженер, гаси!",Выключение реактора,Инженер
"Срочно, инженер, выключи реактор, перегрев!",Выключение реактора,Инженер
"Инженер, давай живее, заглуши реактор немедленно!",Выключение реактора,Инженер
"Быстрее, это не котел на даче — это ядерный реактор Выключай, инженер!",Выключение реактора,Инженер
"Пока не поздно, отключи питание срочно, инженер!",Выключение реактора,Инженер
"Быстрее, останови подачу энергии, инженер!",Выключение реактора,Инженер
"Инженер, быстрее, это не котел на даче — это ядерный реактор Выключай!",Выключение реактора,Инженер
"Инженер, немедленно, останови подачу энергии!",Выключение реактора,Инженер
"Инженер, отключи питание срочно!",Выключение реактора,Инженер
"Давай живее, деактивируй кукумбер, инженер!",Выключение реактора,Инженер
"Отключи питание срочно, инженер!",Выключение реактора,Инженер
"Быстрее, заглуши реактор немедленно, инженер!",Выключение реактора,Инженер
"Пока не поздно, инженер, останови подачу энергии!",Выключение реактора,Инженер
"Давай живее, инженер, заглуши, пока не превратился в новую звезду... в нашем корабле!",Выключение реактора,Инженер
"Срочно, заглуши реактор немедленно, инженер!",Выключение реактора,Инженер
"Пока не поздно, выключи реактор, перегрев, инженер!",Выключение реактора,Инженер
"Быстрее, инженер, кукумбер уходит в шизу — отключи его, пока он не съел нас!",Выключение реактора,Инженер
"Механик, срочно, отключи питание срочно!",Выключение реактора,Механик
"Механик, заглуши, пока не превратился в новую звезду... в нашем корабле!",Выключение реактора,Механик
"Пока не поздно, механик, реактор готов взорваться — выключи, пока не стало поздно!",Выключение реактора,Механик
"Заглуши реактор немедленно, механик!",Выключение реактора,Механик
"Давай живее, механик, кукумбер уходит в шизу — отключи его, пока он не съел нас!",Выключение реактора,Механик
"Механик, немедленно, кукумбер уходит в шизу — отключи его, пока он не съел нас!",Выключение реактора,Механик
"Быстрее, отключи питание срочно, механик!",Выключение реактора,Механик
"Немедленно, выключи реактор, перегрев, механик!",Выключение реактора,Механик
"Немедленно, механик, это не котел на даче — это ядерный реактор Выключай!",Выключение реактора,Механик
"Давай живее, останови подачу энергии, механик!",Выключение реактора,Механик
"Кукумбер уходит в шизу — отключи его, механик, пока он не съел нас!",Выключение реактора,Механик
"Давай живее, отключи питание срочно, механик!",Выключение реактора,Механик
"Быстрее, кукумбер уходит в шизу — отключи его, пока он не съел нас, механик!",Выключение реактора,Механик
"Механик, быстрее, реактор готов взорваться — выключи, пока не стало поздно!",Выключение реактора,Механик
"Механик, немедленно, выключи реактор, перегрев!",Выключение реактора,Механик
"Это не котел на даче — это ядерный реактор Выключай, механик!",Выключение реактора,Механик
"Немедленно, механик, реактор готов взорваться — выключи, пока не стало поздно!",Выключение реактора,Механик
"Срочно, механик, останови подачу энергии!",Выключение реактора,Механик
"Механик, пока не поздно, реактор бурлит, гаси!",Выключение реактора,Механик
"Быстрее, механик, это не котел на даче — это ядерный реактор Выключай!",Выключение реактора,Механик
"Пока не поздно, останови подачу энергии, механик!",Выключение реактора,Механик
"Отключи питание срочно, механик!",Выключение реактора,Механик
"Быстрее, это не котел на даче — это ядерный реактор Выключай, механик!",Выключение реактора,Механик
"Давай живее, заглуши, пока не превратился в новую звезду... в нашем корабле, механик!",Выключение реактора,Механик
"Заглуши, пока не превратился в новую звезду... в нашем корабле, механик!",Выключение реактора,Механик
"Быстрее, механик, реактор бурлит, гаси!",Выключение реактора,Механик
"Реактор готов взорваться — выключи, пока не стало поздно, механик!",Выключение реактора,Механик
"Немедленно, механик, заглуши реактор немедленно!",Выключение реактора,Механик
"Быстрее, выключи реактор, перегрев, механик!",Выключение реактора,Механик
"Реактор бурлит, гаси, механик!",Выключение реактора,Механик
"Кукумбер уходит в шизу — отключи его, пока он не съел нас, механик!",Выключение реактора,Механик
"Пока не поздно, заглуши реактор немедленно, механик!",Выключение реактора,Механик
"Механик, останови подачу энергии!",Выключение реактора,Механик
"Механик, давай живее, заглуши, пока не превратился в новую звезду... в нашем корабле!",Выключение реактора,Механик
"Реактор бурлит, механик, гаси!",Выключение реактора,Механик
"Срочно, заглуши, пока не превратился в новую звезду... в нашем корабле, механик!",Выключение реактора,Механик
"Немедленно, механик, кукумбер уходит в шизу — отключи его, пока он не съел нас!",Выключение реактора,Механик
"Механик, это не котел на даче — это ядерный реактор Выключай!",Выключение реактора,Механик
"Срочно, выключи реактор, перегрев, механик!",Выключение реактора,Механик
"Выключи реактор, перегрев, механик!",Выключение реактора,Механик
"Механик, срочно, кукумбер уходит в шизу — отключи его, пока он не съел нас!",Выключение реактора,Механик
"Срочно, отключи питание срочно, механик!",Выключение реактора,Механик
"Останови подачу энергии, механик!",Выключение реактора,Механик
"Срочно, реактор готов взорваться — выключи, пока не стало поздно, механик!",Выключение реактора,Механик
"Механик, давай живее, реактор готов взорваться — выключи, пока не стало поздно!",Выключение реактора,Механик
"Механик, пока не поздно, останови подачу энергии!",Выключение реактора,Механик
"Пока не поздно, заглуши, пока не превратился в новую звезду... в нашем корабле, механик!",Выключение реактора,Механик
"Срочно, механик, реактор готов взорваться — выключи, пока не стало поздно!",Выключение реактора,Механик
"Механик, давай живее, кукумбер уходит в шизу — отключи его, пока он не съел нас!",Выключение реактора,Механик
"Быстрее, механик, заглуши, пока не превратился в новую звезду... в нашем корабле!",Выключение реактора,Механик
"Механик, пока не поздно, это не котел на даче — это ядерный реактор Выключай!",Выключение реактора,Механик
"Механик, быстрее, деактивируй кукумбер!",Выключение реактора,Механик
"Механик, срочно, останови подачу энергии!",Выключение реактора,Механик
"Давай живее, механик, останови подачу энергии!",Выключение реактора,Механик
"Немедленно, механик, отключи питание срочно!",Выключение реактора,Механик
"Давай живее, это не котел на даче — это ядерный реактор Выключай, механик!",Выключение реактора,Механик
"Механик, заглуши реактор немедленно!",Выключение реактора,Механик
"Давай живее, выключи реактор, перегрев, механик!",Выключение реактора,Механик
"Срочно, заглуши реактор немедленно, механик!",Выключение реактора,Механик
"Механик, немедленно, реактор готов взорваться — выключи, пока не стало поздно!",Выключение реактора,Механик
"Пока не поздно, механик, реактор бурлит, гаси!",Выключение реактора,Механик
"Выключи реактор, механик, перегрев!",Выключение реактора,Механик
"Механик, пока не поздно, реактор готов взорваться — выключи, пока не стало поздно!",Выключение реактора,Механик
"Механик, срочно, заглуши, пока не превратился в новую звезду... в нашем корабле!",Выключение реактора,Механик
"Механик, немедленно, это не котел на даче — это ядерный реактор Выключай!",Выключение реактора,Механик
"Давай живее, механик, отключи питание срочно!",Выключение реактора,Механик
"Немедленно, механик, реактор бурлит, гаси!",Выключение реактора,Механик
"Механик, давай живее, отключи питание срочно!",Выключение реактора,Механик
"Механик, давай живее, заглуши реактор немедленно!",Выключение реактора,Механик
"Немедленно, кукумбер уходит в шизу — отключи его, пока он не съел нас, механик!",Выключение реактора,Механик
"Давай живее, механик, это не котел на даче — это ядерный реактор Выключай!",Выключение реактора,Механик
"Пока не поздно, механик, заглуши реактор немедленно!",Выключение реактора,Механик
"Давай живее, механик, деактивируй кукумбер!",Выключение реактора,Механик
"Быстрее, реактор готов взорваться — выключи, пока не стало поздно, механик!",Выключение реактора,Механик
"Механик, деактивируй кукумбер!",Выключение реактора,Механик
"Механик, реактор готов взорваться — выключи, пока не стало поздно!",Выключение реактора,Механик
"Механик, выключи реактор, перегрев!",Выключение реактора,Механик
"Немедленно, механик, выключи реактор, перегрев!",Выключение реактора,Механик
"Быстрее, останови подачу энергии, механик!",Выключение реактора,Механик
"Пока не поздно, отключи питание срочно, механик!",Выключение реактора,Механик
"Механик, быстрее, выключи реактор, перегрев!",Выключение реактора,Механик
"Механик, реактор бурлит, гаси!",Выключение реактора,Механик
"Давай живее, реактор готов взорваться — выключи, пока не стало поздно, механик!",Выключение реактора,Механик
"Пока не поздно, механик, заглуши, пока не превратился в новую звезду... в нашем корабле!",Выключение реактора,Механик
"Срочно, механик, заглуши реактор немедленно!",Выключение реактора,Механик
"Механик, пока не поздно, деактивируй кукумбер!",Выключение реактора,Механик
"Механик, давай живее, останови подачу энергии!",Выключение реактора,Механик
"Пока не поздно, деактивируй кукумбер, механик!",Выключение реактора,Механик
"Быстрее, заглуши реактор немедленно, механик!",Выключение реактора,Механик
"Давай живее, механик, заглуши, пока не превратился в новую звезду... в нашем корабле!",Выключение реактора,Механик
"Быстрее, механик, отключи питание срочно!",Выключение реактора,Механик
"Быстрее, деактивируй кукумбер, механик!",Выключение реактора,Механик
"Быстрее, реактор бурлит, гаси, механик!",Выключение реактора,Механик
"Пока не поздно, механик, останови подачу энергии!",Выключение реактора,Механик
"Немедленно, останови подачу энергии, механик!",Выключение реактора,Механик
"Быстрее, механик, деактивируй кукумбер!",Выключение реактора,Механик
"Немедленно, реактор бурлит, гаси, механик!",Выключение реактора,Механик
"Срочно, кукумбер уходит в шизу — отключи его, пока он не съел нас, механик!",Выключение реактора,Механик
"Механик, срочно, это не котел на даче — это ядерный реактор Выключай!",Выключение реактора,Механик
"Срочно, механик, отключи питание срочно!",Выключение реактора,Механик
"Заглуши, помощник, пока не превратился в новую звезду... в нашем корабле!",Выключение реактора,Помощник
"Выключи реактор, перегрев, помощник!",Выключение реактора,Помощник
"Срочно, деактивируй кукумбер, помощник!",Выключение реактора,Помощник
"Давай живее, помощник, заглуши реактор немедленно!",Выключение реактора,Помощник
"Выключи реактор, помощник, перегрев!",Выключение реактора,Помощник
"Быстрее, помощник, это не котел на даче — это ядерный реактор Выключай!",Выключение реактора,Помощник
"Срочно, отключи питание срочно, помощник!",Выключение реактора,Помощник
"Помощник, быстрее, деактивируй кукумбер!",Выключение реактора,Помощник
"Помощник, пока не поздно, останови подачу энергии!",Выключение реактора,Помощник
"Пока не поздно, реактор готов взорваться — выключи, пока не стало поздно, помощник!",Выключение реактора,Помощник
"Деактивируй кукумбер, помощник!",Выключение реактора,Помощник
"Помощник, реактор готов взорваться — выключи, пока не стало поздно!",Выключение реактора,Помощник
"Немедленно, помощник, отключи питание срочно!",Выключение реактора,Помощник
"Немедленно, заглуши реактор немедленно, помощник!",Выключение реактора,Помощник
"Заглуши реактор немедленно, помощник!",Выключение реактора,Помощник
"Реактор готов взорваться — выключи, помощник, пока не стало поздно!",Выключение реактора,Помощник
"Немедленно, помощник, деактивируй кукумбер!",Выключение реактора,Помощник
"Помощник, пока не поздно, выключи реактор, перегрев!",Выключение реактора,Помощник
"Помощник, давай живее, реактор готов взорваться — выключи, пока не стало поздно!",Выключение реактора,Помощник
"Давай живее, останови подачу энергии, помощник!",Выключение реактора,Помощник
"Помощник, срочно, выключи реактор, перегрев!",Выключение реактора,Помощник
"Быстрее, помощник, реактор бурлит, гаси!",Выключение реактора,Помощник
"Помощник, останови подачу энергии!",Выключение реактора,Помощник
"Быстрее, реактор готов взорваться — выключи, пока не стало поздно, помощник!",Выключение реактора,Помощник
"Отключи питание срочно, помощник!",Выключение реактора,Помощник
"Помощник, немедленно, это не котел на даче — это ядерный реактор Выключай!",Выключение реактора,Помощник
"Помощник, давай живее, реактор бурлит, гаси!",Выключение реактора,Помощник
"Помощник, срочно, реактор бурлит, гаси!",Выключение реактора,Помощник
"Кукумбер уходит в шизу — отключи его, пока он не съел нас, помощник!",Выключение реактора,Помощник
"Срочно, реактор готов взорваться — выключи, пока не стало поздно, помощник!",Выключение реактора,Помощник
"Помощник, пока не поздно, это не котел на даче — это ядерный реактор Выключай!",Выключение реактора,Помощник
"Пока не поздно, помощник, отключи питание срочно!",Выключение реактора,Помощник
"Пока не поздно, заглуши реактор немедленно, помощник!",Выключение реактора,Помощник
"Давай живее, помощник, выключи реактор, перегрев!",Выключение реактора,Помощник
"Помощник, это не котел на даче — это ядерный реактор Выключай!",Выключение реактора,Помощник
"Помощник, срочно, заглуши, пока не превратился в новую звезду... в нашем корабле!",Выключение реактора,Помощник
"Помощник, быстрее, кукумбер уходит в шизу — отключи его, пока он не съел нас!",Выключение реактора,Помощник
"Пока не поздно, деактивируй кукумбер, помощник!",Выключение реактора,Помощник
"Помощник, немедленно, деактивируй кукумбер!",Выключение реактора,Помощник
"Немедленно, помощник, останови подачу энергии!",Выключение реактора,Помощник
"Давай живее, помощник, кукумбер уходит в шизу — отключи его, пока он не съел нас!",Выключение реактора,Помощник
"Помощник, быстрее, выключи реактор, перегрев!",Выключение реактора,Помощник
"Помощник, кукумбер уходит в шизу — отключи его, пока он не съел нас!",Выключение реактора,Помощник
"Помощник, пока не поздно, заглуши, пока не превратился в новую звезду... в нашем корабле!",Выключение реактора,Помощник
"Быстрее, помощник, кукумбер уходит в шизу — отключи его, пока он не съел нас!",Выключение реактора,Помощник
"Помощник, заглуши реактор немедленно!",Выключение реактора,Помощник
"Пока не поздно, помощник, заглуши реактор немедленно!",Выключение реактора,Помощник
"Помощник, быстрее, реактор бурлит, гаси!",Выключение реактора,Помощник
"Помощник, давай живее, заглуши, пока не превратился в новую звезду... в нашем корабле!",Выключение реактора,Помощник
"Кукумбер уходит в шизу — отключи его, помощник, пока он не съел нас!",Выключение реактора,Помощник
"Срочно, помощник, заглуши, пока не превратился в новую звезду... в нашем корабле!",Выключение реактора,Помощник
"Останови подачу энергии, помощник!",Выключение реактора,Помощник
"Пока не поздно, это не котел на даче — это ядерный реактор Выключай, помощник!",Выключение реактора,Помощник
"Срочно, помощник, заглуши реактор немедленно!",Выключение реактора,Помощник
"Помощник, давай живее, останови подачу энергии!",Выключение реактора,Помощник
"Срочно, заглуши реактор немедленно, помощник!",Выключение реактора,Помощник
"Срочно, помощник, отключи питание срочно!",Выключение реактора,Помощник
"Немедленно, помощник, это не котел на даче — это ядерный реактор Выключай!",Выключение реактора,Помощник
"Немедленно, помощник, заглуши реактор немедленно!",Выключение реактора,Помощник
"Давай живее, помощник, деактивируй кукумбер!",Выключение реактора,Помощник
"Срочно, помощник, деактивируй кукумбер!",Выключение реактора,Помощник
"Срочно, помощник, это не котел на даче — это ядерный реактор Выключай!",Выключение реактора,Помощник
"Помощник, немедленно, реактор готов взорваться — выключи, пока не стало поздно!",Выключение реактора,Помощник
"Быстрее, заглуши, пока не превратился в новую звезду... в нашем корабле, помощник!",Выключение реактора,Помощник
"Немедленно, заглуши, пока не превратился в новую звезду... в нашем корабле, помощник!",Выключение реактора,Помощник
"Помощник, быстрее, заглуши реактор немедленно!",Выключение реактора,Помощник
"Помощник, отключи питание срочно!",Выключение реактора,Помощник
"Помощник, срочно, это не котел на даче — это ядерный реактор Выключай!",Выключение реактора,Помощник
"Срочно, помощник, реактор готов взорваться — выключи, пока не стало поздно!",Выключение реактора,Помощник
"Помощник, давай живее, отключи питание срочно!",Выключение реактора,Помощник
"Срочно, заглуши, пока не превратился в новую звезду... в нашем корабле, помощник!",Выключение реактора,Помощник
"Немедленно, реактор готов взорваться — выключи, пока не стало поздно, помощник!",Выключение реактора,Помощник
"Давай живее, выключи реактор, перегрев, помощник!",Выключение реактора,Помощник
"Быстрее, кукумбер уходит в шизу — отключи его, пока он не съел нас, помощник!",Выключение реактора,Помощник
"Немедленно, помощник, реактор бурлит, гаси!",Выключение реактора,Помощник
"Пока не поздно, помощник, выключи реактор, перегрев!",Выключение реактора,Помощник
"Давай живее, помощник, это не котел на даче — это ядерный реактор Выключай!",Выключение реактора,Помощник
"Помощник, быстрее, реактор готов взорваться — выключи, пока не стало поздно!",Выключение реактора,Помощник
"Срочно, выключи реактор, перегрев, помощник!",Выключение реактора,Помощник
"Давай живее, помощник, отключи питание срочно!",Выключение реактора,Помощник
"Реактор бурлит, гаси, помощник!",Выключение реактора,Помощник
"Давай живее, реактор готов взорваться — выключи, пока не стало поздно, помощник!",Выключение реактора,Помощник
"Помощник, срочно, заглуши реактор немедленно!",Выключение реактора,Помощник
"Реактор бурлит, помощник, гаси!",Выключение реактора,Помощник
"Помощник, давай живее, заглуши реактор немедленно!",Выключение реактора,Помощник
"Быстрее, деактивируй кукумбер, помощник!",Выключение реактора,Помощник
"Быстрее, реактор бурлит, гаси, помощник!",Выключение реактора,Помощник
"Помощник, немедленно, отключи питание срочно!",Выключение реактора,Помощник
"Быстрее, помощник, останови подачу энергии!",Выключение реактора,Помощник
"Помощник, реактор бурлит, гаси!",Выключение реактора,Помощник
"Давай живее, помощник, реактор бурлит, гаси!",Выключение реактора,Помощник
"Пока не поздно, кукумбер уходит в шизу — отключи его, пока он не съел нас, помощник!",Выключение реактора,Помощник
"Помощник, быстрее, отключи питание срочно!",Выключение реактора,Помощник
"Быстрее, отключи питание срочно, помощник!",Выключение реактора,Помощник
"Помощник, пока не поздно, отключи питание срочно!",Выключение реактора,Помощник
"Срочно, помощник, кукумбер уходит в шизу — отключи его, пока он не съел нас!",Выключение реактора,Помощник
"Пока не поздно, помощник, заглуши, пока не превратился в новую звезду... в нашем корабле!",Выключение реактора,Помощник
"Помощник, давай живее, выключи реактор, перегрев!",Выключение реактора,Помощник
"Немедленно, выключи реактор, перегрев, помощник!",Выключение реактора,Помощник
"Немедленно, реактор бурлит, гаси, помощник!",Выключение реактора,Помощник
"Весь экипаж, срочно, реактор готов взорваться — выключи, пока не стало поздно!",Выключение реактора,all
"Экипаж, чёрт, пока не поздно, это не котел на даче — это ядерный реактор выключай!",Выключение реактора,all
"Всем внимание, останови подачу энергии!",Выключение реактора,all
"Экипаж, срочно, немедленно, заглуши реактор немедленно!",Выключение реактора,all
"Экипаж, чёрт, давай живее, кукумбер уходит в шизу — отключи его, пока он не съел нас!",Выключение реактора,all
"Ребят, срочно, деактивируй кукумбер!",Выключение реактора,all
"Команда, живее, быстрее, реактор бурлит, гаси!",Выключение реактора,all
"Всех по местам, пока не поздно, заглуши, пока не превратился в новую звезду... в нашем корабле!",Выключение реактора,all
"Экипаж, срочно, реактор готов взорваться — выключи, пока не стало поздно!",Выключение реактора,all
"Все, давайте, срочно, отключи питание срочно!",Выключение реактора,all
"Народ, срочно, заглуши, пока не превратился в новую звезду... в нашем корабле!",Выключение реактора,all
"Команда, действуйте, реактор готов взорваться — выключи, пока не стало поздно!",Выключение реактора,all
"Экипаж, срочно, быстрее, реактор бурлит, гаси!",Выключение реактора,all
"Команда, живее, давай живее, выключи реактор, перегрев!",Выключение реактора,all
"Слушайте все, это не котел на даче — это ядерный реактор выключай!",Выключение реактора,all
"Народ, срочно, давай живее, выключи реактор, перегрев!",Выключение реактора,all
"Всех по местам, срочно, отключи питание срочно!",Выключение реактора,all
"Весь экипаж, срочно, отключи питание срочно!",Выключение реактора,all
"Весь экипаж, быстрее, выключи реактор, перегрев!",Выключение реактора,all
"Ребят, срочно, заглуши, пока не превратился в новую звезду... в нашем корабле!",Выключение реактора,all
"Ребята, быстро, немедленно, останови подачу энергии!",Выключение реактора,all
"Экипаж, срочно, немедленно, заглуши, пока не превратился в новую звезду... в нашем корабле!",Выключение реактора,all
"Весь экипаж, немедленно, реактор бурлит, гаси!",Выключение реактора,all
"Ребята, быстро, давай живее, останови подачу энергии!",Выключение реактора,all
"Все, давайте, срочно, это не котел на даче — это ядерный реактор выключай!",Выключение реактора,all
"Всем, немедленно, срочно, это не котел на даче — это ядерный реактор выключай!",Выключение реактора,all
"Весь экипаж, это не котел на даче — это ядерный реактор выключай!",Выключение реактора,all
"Команда, живее, давай живее, реактор бурлит, гаси!",Выключение реактора,all
"Ребят, срочно, срочно, деактивируй кукумбер!",Выключение реактора,all
"Всем внимание, пока не поздно, кукумбер уходит в шизу — отключи его, пока он не съел нас!",Выключение реактора,all
"Весь экипаж, останови подачу энергии!",Выключение реактора,all
"Экипаж, бегом, давай живее, заглуши реактор немедленно!",Выключение реактора,all
"Команда, действуйте, быстрее, деактивируй кукумбер!",Выключение реактора,all
"Всем внимание, срочно, останови подачу энергии!",Выключение реактора,all
"Команда, действуйте, останови подачу энергии!",Выключение реактора,all
"Команда, срочно, быстрее, заглуши реактор немедленно!",Выключение реактора,all
"Экипаж, срочно, срочно, останови подачу энергии!",Выключение реактора,all
"Экипаж, бегом, пока не поздно, деактивируй кукумбер!",Выключение реактора,all
"Команда, срочно, давай живее, реактор готов взорваться — выключи, пока не стало поздно!",Выключение реактора,all
"Слушайте все, пока не поздно, останови подачу энергии!",Выключение реактора,all
"Экипаж, срочно, пока не поздно, реактор готов взорваться — выключи, пока не стало поздно!",Выключение реактора,all
"Ребята, быстро, давай живее, это не котел на даче — это ядерный реактор выключай!",Выключение реактора,all
"Команда, срочно, давай живее, деактивируй кукумбер!",Выключение реактора,all
"Всем внимание, пока не поздно, это не котел на даче — это ядерный реактор выключай!",Выключение реактора,all
"Всех по местам, срочно, деактивируй кукумбер!",Выключение реактора,all
"Команда, срочно, деактивируй кукумбер!",Выключение реактора,all
"Экипаж, бегом, давай живее, это не котел на даче — это ядерный реактор выключай!",Выключение реактора,all
"Ребята, быстро, срочно, кукумбер уходит в шизу — отключи его, пока он не съел нас!",Выключение реактора,all
"Экипаж, бегом, срочно, деактивируй кукумбер!",Выключение реактора,all
"Весь экипаж, давай живее, останови подачу энергии!",Выключение реактора,all
"Все, давайте, немедленно, деактивируй кукумбер!",Выключение реактора,all
"Команда, живее, кукумбер уходит в шизу — отключи его, пока он не съел нас!",Выключение реактора,all
"Экипаж, срочно, немедленно, это не котел на даче — это ядерный реактор выключай!",Выключение реактора,all
"Экипаж, срочно, немедленно, отключи питание срочно!",Выключение реактора,all
"Всех по местам, пока не поздно, отключи питание срочно!",Выключение реактора,all
"Ребят, срочно, это не котел на даче — это ядерный реактор выключай!",Выключение реактора,all
"Команда, срочно, срочно, деактивируй кукумбер!",Выключение реактора,all
"Команда, действуйте, деактивируй кукумбер!",Выключение реактора,all
"Народ, срочно, пока не поздно, реактор бурлит, гаси!",Выключение реактора,all
"Экипаж, чёрт, деактивируй кукумбер!",Выключение реактора,all
"Команда, срочно, срочно, отключи питание срочно!",Выключение реактора,all
"Команда, действуйте, быстрее, реактор бурлит, гаси!",Выключение реактора,all
"Экипаж, срочно, быстрее, реактор готов взорваться — выключи, пока не стало поздно!",Выключение реактора,all
"Экипаж, чёрт, давай живее, реактор бурлит, гаси!",Выключение реактора,all
"Всем, немедленно, останови подачу энергии!",Выключение реактора,all
"Команда, действуйте, давай живее, останови подачу энергии!",Выключение реактора,all
"Экипаж, бегом, отключи питание срочно!",Выключение реактора,all
"Ребят, срочно, кукумбер уходит в шизу — отключи его, пока он не съел нас!",Выключение реактора,all
"Слушайте все, кукумбер уходит в шизу — отключи его, пока он не съел нас!",Выключение реактора,all
"Народ, срочно, реактор готов взорваться — выключи, пока не стало поздно!",Выключение реактора,all
"Народ, срочно, отключи питание срочно!",Выключение реактора,all
"Слушайте все, деактивируй кукумбер!",Выключение реактора,all
"Народ, срочно, выключи реактор, перегрев!",Выключение реактора,all
"Ребят, срочно, быстрее, реактор бурлит, гаси!",Выключение реактора,all
"Экипаж, срочно, заглуши реактор немедленно!",Выключение реактора,all
"Слушайте все, давай живее, реактор бурлит, гаси!",Выключение реактора,all
"Экипаж, бегом, давай живее, реактор готов взорваться — выключи, пока не стало поздно!",Выключение реактора,all
"Весь экипаж, пока не поздно, заглуши реактор немедленно!",Выключение реактора,all
"Весь экипаж, немедленно, реактор готов взорваться — выключи, пока не стало поздно!",Выключение реактора,all
"Все, давайте, давай живее, реактор готов взорваться — выключи, пока не стало поздно!",Выключение реактора,all
"Все, давайте, немедленно, останови подачу энергии!",Выключение реактора,all
"Ребята, быстро, давай живее, отключи питание срочно!",Выключение реактора,all
"Всех по местам, пока не поздно, реактор готов взорваться — выключи, пока не стало поздно!",Выключение реактора,all
"Экипаж, чёрт, давай живее, реактор готов взорваться — выключи, пока не стало поздно!",Выключение реактора,all
"Весь экипаж, быстрее, реактор готов взорваться — выключи, пока не стало поздно!",Выключение реактора,all
"Экипаж, чёрт, пока не поздно, останови подачу энергии!",Выключение реактора,all
"Экипаж, бегом, кукумбер уходит в шизу — отключи его, пока он не съел нас!",Выключение реактора,all
"Всем, немедленно, давай живее, реактор бурлит, гаси!",Выключение реактора,all
"Команда, срочно, быстрее, это не котел на даче — это ядерный реактор выключай!",Выключение реактора,all
"Ребята, быстро, быстрее, реактор бурлит, гаси!",Выключение реактора,all
"Все, давайте, давай живее, деактивируй кукумбер!",Выключение реактора,all
"Всех по местам, пока не поздно, останови подачу энергии!",Выключение реактора,all
"Ребята, быстро, немедленно, реактор готов взорваться — выключи, пока не стало поздно!",Выключение реактора,all
"Все, давайте, немедленно, заглуши реактор немедленно!",Выключение реактора,all
"Команда, живее, срочно, реактор готов взорваться — выключи, пока не стало поздно!",Выключение реактора,all
"Команда, действуйте, пока не поздно, деактивируй кукумбер!",Выключение реактора,all
"Весь экипаж, реактор готов взорваться — выключи, пока не стало поздно!",Выключение реактора,all
"Весь экипаж, немедленно, это не котел на даче — это ядерный реактор выключай!",Выключение реактора,all
"Всем внимание, немедленно, заглуши, пока не превратился в новую звезду... в нашем корабле!",Выключение реактора,all
"Команда, живее, быстрее, это не котел на даче — это ядерный реактор выключай!",Выключение реактора,all
"Эй, кто рядом, заглуши, пока не превратился в новую звезду... в нашем корабле!",Выключение реактора,near
"Подойди, быстро, срочно, кукумбер уходит в шизу — отключи его, пока он не съел нас!",Выключение реактора,near
"Срочно, кто рядом, пока не поздно, кукумбер уходит в шизу — отключи его, пока он не съел нас!",Выключение реактора,near
"Эй, кто рядом, кукумбер уходит в шизу — отключи его, пока он не съел нас!",Выключение реактора,near
"Кто здесь, быстро, быстрее, реактор бурлит, гаси!",Выключение реактора,near
"Эй, ты рядом, пока не поздно, реактор готов взорваться — выключи, пока не стало поздно!",Выключение реактора,near
"Эй, ближайший, деактивируй кукумбер!",Выключение реактора,near
"Кто поблизости, пока не поздно, реактор готов взорваться — выключи, пока не стало поздно!",Выключение реактора,near
"Подойди, быстро, пока не поздно, реактор бурлит, гаси!",Выключение реактора,near
"Эй, кто рядом, пока не поздно, останови подачу энергии!",Выключение реактора,near
"Кто ближе, делай, пока не поздно, отключи питание срочно!",Выключение реактора,near
"Эй, кто-то рядом, срочно, останови подачу энергии!",Выключение реактора,near
"Кто ближе всех, кукумбер уходит в шизу — отключи его, пока он не съел нас!",Выключение реактора,near
"Кто здесь, быстро, немедленно, заглуши реактор немедленно!",Выключение реактора,near
"Эй, кто рядом, пока не поздно, реактор бурлит, гаси!",Выключение реактора,near
"Кто на связи, реактор готов взорваться — выключи, пока не стало поздно!",Выключение реактора,near
"Эй, кто-то рядом, срочно, деактивируй кукумбер!",Выключение реактора,near
"Подойди, быстро, пока не поздно, заглуши, пока не превратился в новую звезду... в нашем корабле!",Выключение реактора,near
"Эй, кто-то рядом, пока не поздно, это не котел на даче — это ядерный реактор выключай!",Выключение реактора,near
"Кто ближе всех, заглуши реактор немедленно!",Выключение реактора,near
"Эй, кто рядом, реактор бурлит, гаси!",Выключение реактора,near
"Эй, ближайший, быстрее, деактивируй кукумбер!",Выключение реактора,near
"Эй, кто рядом, срочно, заглуши, пока не превратился в новую звезду... в нашем корабле!",Выключение реактора,near
"Кто здесь рядом, кукумбер уходит в шизу — отключи его, пока он не съел нас!",Выключение реактора,near
"Эй, ты рядом, отключи питание срочно!",Выключение реактора,near
"Эй, кто рядом, немедленно, реактор готов взорваться — выключи, пока не стало поздно!",Выключение реактора,near
"Кто недалеко, давай живее, реактор готов взорваться — выключи, пока не стало поздно!",Выключение реактора,near
"Кто недалеко, срочно, выключи реактор, перегрев!",Выключение реактора,near
"Эй, кто рядом, немедленно, заглуши, пока не превратился в новую звезду... в нашем корабле!",Выключение реактора,near
"Кто поблизости, немедленно, отключи питание срочно!",Выключение реактора,near
"Кто на связи, пока не поздно, останови подачу энергии!",Выключение реактора,near
"Срочно, кто рядом, реактор бурлит, гаси!",Выключение реактора,near
"Кто здесь, быстро, останови подачу энергии!",Выключение реактора,near
"Срочно, кто рядом, немедленно, заглуши реактор немедленно!",Выключение реактора,near
"Срочно, кто рядом, быстрее, останови подачу энергии!",Выключение реактора,near
"Кто на связи, пока не поздно, кукумбер уходит в шизу — отключи его, пока он не съел нас!",Выключение реактора,near
"Кто ближе, делай, немедленно, заглуши, пока не превратился в новую звезду... в нашем корабле!",Выключение реактора,near
"Кто ближе всех, немедленно, кукумбер уходит в шизу — отключи его, пока он не съел нас!",Выключение реактора,near
"Подойди, быстро, быстрее, заглуши, пока не превратился в новую звезду... в нашем корабле!",Выключение реактора,near
"Эй, кто-то рядом, немедленно, деактивируй кукумбер!",Выключение реактора,near
"Эй, ближайший, пока не поздно, деактивируй кукумбер!",Выключение реактора,near
"Подойди, быстро, заглуши, пока не превратился в новую звезду... в нашем корабле!",Выключение реактора,near
"Эй, ближайший, немедленно, отключи питание срочно!",Выключение реактора,near
"Кто недалеко, пока не поздно, заглуши, пока не превратился в новую звезду... в нашем корабле!",Выключение реактора,near
"Эй, кто рядом, быстрее, останови подачу энергии!",Выключение реактора,near
"Кто здесь рядом, пока не поздно, заглуши реактор немедленно!",Выключение реактора,near
"Кто недалеко, выключи реактор, перегрев!",Выключение реактора,near
"Кто ближе всех, деактивируй кукумбер!",Выключение реактора,near
"Эй, кто-то рядом, кукумбер уходит в шизу — отключи его, пока он не съел нас!",Выключение реактора,near
"Кто недалеко, пока не поздно, останови подачу энергии!",Выключение реактора,near
"Кто ближе, делай, отключи питание срочно!",Выключение реактора,near
"Кто ближе всех, давай живее, деактивируй кукумбер!",Выключение реактора,near
"Кто ближе всех, быстрее, выключи реактор, перегрев!",Выключение реактора,near
"Кто ближе, делай, давай живее, это не котел на даче — это ядерный реактор выключай!",Выключение реактора,near
"Эй, ты рядом, быстрее, отключи питание срочно!",Выключение реактора,near
"Кто здесь рядом, быстрее, выключи реактор, перегрев!",Выключение реактора,near
"Эй, кто рядом, немедленно, кукумбер уходит в шизу — отключи его, пока он не съел нас!",Выключение реактора,near
"Эй, кто рядом, давай живее, заглуши реактор немедленно!",Выключение реактора,near
"Кто ближе, делай, кукумбер уходит в шизу — отключи его, пока он не съел нас!",Выключение реактора,near
"Кто недалеко, срочно, заглуши, пока не превратился в новую звезду... в нашем корабле!",Выключение реактора,near
"Подойди, быстро, выключи реактор, перегрев!",Выключение реактора,near
"Кто ближе, делай, давай живее, реактор бурлит, гаси!",Выключение реактора,near
"Кто ближе всех, срочно, останови подачу энергии!",Выключение реактора,near
"Подойди, быстро, быстрее, реактор бурлит, гаси!",Выключение реактора,near
"Кто ближе, делай, пока не поздно, деактивируй кукумбер!",Выключение реактора,near
"Кто поблизости, давай живее, это не котел на даче — это ядерный реактор выключай!",Выключение реактора,near
"Кто на связи, срочно, деактивируй кукумбер!",Выключение реактора,near
"Кто ближе, делай, заглуши, пока не превратился в новую звезду... в нашем корабле!",Выключение реактора,near
"Срочно, кто рядом, это не котел на даче — это ядерный реактор выключай!",Выключение реактора,near
"Кто ближе, делай, быстрее, выключи реактор, перегрев!",Выключение реактора,near
"Кто недалеко, немедленно, кукумбер уходит в шизу — отключи его, пока он не съел нас!",Выключение реактора,near
"Кто ближе, делай, давай живее, выключи реактор, перегрев!",Выключение реактора,near
"Эй, ближайший, немедленно, заглуши реактор немедленно!",Выключение реактора,near
"Эй, кто-то рядом, немедленно, это не котел на даче — это ядерный реактор выключай!",Выключение реактора,near
"Кто ближе всех, пока не поздно, это не котел на даче — это ядерный реактор выключай!",Выключение реактора,near
"Кто недалеко, давай живее, заглуши реактор немедленно!",Выключение реактора,near
"Срочно, кто рядом, немедленно, заглуши, пока не превратился в новую звезду... в нашем корабле!",Выключение реактора,near
"Кто здесь, быстро, срочно, выключи реактор, перегрев!",Выключение реактора,near
"Подойди, быстро, давай живее, это не котел на даче — это ядерный реактор выключай!",Выключение реактора,near
"Кто на связи, выключи реактор, перегрев!",Выключение реактора,near
"Кто поблизости, срочно, деактивируй кукумбер!",Выключение реактора,near
"Кто недалеко, заглуши, пока не превратился в новую звезду... в нашем корабле!",Выключение реактора,near
"Эй, кто-то рядом, быстрее, выключи реактор, перегрев!",Выключение реактора,near
"Эй, кто рядом, быстрее, реактор готов взорваться — выключи, пока не стало поздно!",Выключение реактора,near
"Эй, кто-то рядом, деактивируй кукумбер!",Выключение реактора,near
"Кто на связи, быстрее, отключи питание срочно!",Выключение реактора,near
"Эй, ближайший, реактор готов взорваться — выключи, пока не стало поздно!",Выключение реактора,near
"Подойди, быстро, немедленно, заглуши, пока не превратился в новую звезду... в нашем корабле!",Выключение реактора,near
"Кто здесь, быстро, давай живее, отключи питание срочно!",Выключение реактора,near
"Кто поблизости, давай живее, деактивируй кукумбер!",Выключение реактора,near
"Кто здесь рядом, срочно, отключи питание срочно!",Выключение реактора,near
"Эй, ближайший, пока не поздно, отключи питание срочно!",Выключение реактора,near
"Эй, кто-то рядом, заглуши реактор немедленно!",Выключение реактора,near
"Кто здесь, быстро, пока не поздно, реактор готов взорваться — выключи, пока не стало поздно!",Выключение реактора,near
"Кто здесь рядом, срочно, реактор бурлит, гаси!",Выключение реактора,near
"Кто недалеко, немедленно, останови подачу энергии!",Выключение реактора,near
"Кто ближе всех, срочно, заглуши, пока не превратился в новую звезду... в нашем корабле!",Выключение реактора,near
"Эй, ты рядом, пока не поздно, останови подачу энергии!",Выключение реактора,near
"Эй, кто рядом, быстрее, деактивируй кукумбер!",Выключение реактора,near
"Кто ближе, делай, выключи реактор, перегрев!",Выключение реактора,near
"Займи турель и прикрой нас, Шкипер.",Управление оружием,Капитан
"Шкипер, немедленно встань за пульт!",Управление оружием,Капитан
"Пора бы уже встать за пулемёт, Капитан.",Управление оружием,Капитан
"Займи позицию у боевого модуля, Кэп.",Управление оружием,Капитан
"Иди разберись с орудием, Капитан.",Управление оружием,Капитан
"Капитан, займи ракетную установку.",Управление оружием,Капитан
"Займи боевую позицию, Капитан.",Управление оружием,Капитан
"Займи орудие и приготовься к стрельбе, Шкипер.",Управление оружием,Капитан
"Капитан, атакуют, встань к орудию!",Управление оружием,Капитан
"Пора бы уже занять место стрелка, Кэп.",Управление оружием,Капитан
"Шкипер, срочно нужен наводчик!",Управление оружием,Капитан
"Требуется твоя реакция у орудия, Шкипер.",Управление оружием,Капитан
"Твои руки нужны на пушке, Кэп.",Управление оружием,Капитан
"Кэп, немедленно займи позицию!",Управление оружием,Капитан
"Займи боевой модуль и приготовься, Шкипер.",Управление оружием,Капитан
"Кэп, займи основной калибр.",Управление оружием,Капитан
"Пора бы тебе встать к пушке, Шкипер.",Управление оружием,Капитан
"Капитан, твои навыки нужны у пушки.",Управление оружием,Капитан
"Иди разберись с оружейными системами, Кэп.",Управление оружием,Капитан
"Кэп, твоя очередь нести вахту.",Управление оружием,Капитан
"Капитан, займи систему ПВО.",Управление оружием,Капитан
"Капитан, займи основной калибр.",Управление оружием,Капитан
"Нужно вручную управлять зениткой, Шкипер.",Управление оружием,Капитан
"Займи орудие, я вижу цель, Капитан.",Управление оружием,Капитан
"Кэп, прикрой наш выход.",Управление оружием,Капитан
"Займи левое орудие, Кэп.",Управление оружием,Капитан
"Капитан, требуется твоя реакция.",Управление оружием,Капитан
"Займи зенитную установку, Шкипер.",Управление оружием,Капитан
"Слышь, Шкипер, займи уже наконец орудие.",Управление оружием,Капитан
"Займи пушку и прикрой наш выход, Капитан.",Управление оружием,Капитан
"Капитан, перезаряди вооружение.",Управление оружием,Капитан
"Нужно прикрыть левый борт, займи пушку, Капитан.",Управление оружием,Капитан
"Иди заряди орудие вручную, Шкипер.",Управление оружием,Капитан
"Требуется твоё присутствие на боевом посту, Шкипер.",Управление оружием,Капитан
"Кэп, управляй системой залпового огня.",Управление оружием,Капитан
"Нужно вручную управлять зениткой, Капитан.",Управление оружием,Капитан
"Кэп, мы под атакой, займи орудие!",Управление оружием,Капитан
"На палубе пусто, встань за пулемёт, Шкипер.",Управление оружием,Капитан
"Шкипер, встань к пушке.",Управление оружием,Капитан
"Встань к пульту и наведи пушку, Капитан.",Управление оружием,Капитан
"Займись перезарядкой орудия, Капитан.",Управление оружием,Капитан
"Кэп, управляй торпедным аппаратом.",Управление оружием,Капитан
"Капитан, наведи пушку на цель.",Управление оружием,Капитан
"Займи тяжёлую артиллерию, Шкипер.",Управление оружием,Капитан
"Шкипер, заряди орудие.",Управление оружием,Капитан
"Займи боевую позицию, Кэп.",Управление оружием,Капитан
"Займи тяжёлую артиллерию, Капитан.",Управление оружием,Капитан
"Иди разберись с оружейными системами, Шкипер.",Управление оружием,Капитан
"Кэп, все заняты, встань к пушке.",Управление оружием,Капитан
"Займи левое орудие, Капитан.",Управление оружием,Капитан
"Нужен человек на верхнюю турель, Капитан.",Управление оружием,Капитан
"Займи пульт управления огнём, Капитан.",Управление оружием,Капитан
"Капитан, будь готов к атаке.",Управление оружием,Капитан
"Займи тяжёлую артиллерию, Кэп.",Управление оружием,Капитан
"Займи орудие, пока остальные ремонтируют, Кэп.",Управление оружием,Капитан
"Займись системой вооружения, Шкипер.",Управление оружием,Капитан
"Требуется твоё вмешательство у орудия, Кэп.",Управление оружием,Капитан
"Займи орудие, я координирую атаку, Капитан.",Управление оружием,Капитан
"Капитан, быстро займи станцию!",Управление оружием,Капитан
"Шкипер, атака с воздуха, займи ПВО!",Управление оружием,Капитан
"Капитан, займись орудием.",Управление оружием,Капитан
"Нужно управлять оружием вручную, Шкипер.",Управление оружием,Капитан
"Займи боевой пост номер один, Шкипер.",Управление оружием,Капитан
"Шкипер, враг приближается, встань к пушке!",Управление оружием,Капитан
"Займи боевой пост номер один, Кэп.",Управление оружием,Капитан
"Требуется твоя реакция у орудия, Кэп.",Управление оружием,Капитан
"Иди займи пост у реактивной пушки, Шкипер.",Управление оружием,Капитан
"Шкипер, встань к противолодочному орудию.",Управление оружием,Капитан
"Кэп, заряди орудие.",Управление оружием,Капитан
"Шкипер, займи противоминное орудие.",Управление оружием,Капитан
"Шкипер, нужен лучший стрелок.",Управление оружием,Капитан
"Займи пост у основного калибра, Капитан.",Управление оружием,Капитан
"Иди разберись с заклинившим орудием, Кэп.",Управление оружием,Капитан
"Нужен лучший стрелок, Шкипер, это ты.",Управление оружием,Капитан
"Займи ракетную установку, Капитан.",Управление оружием,Капитан
"Займи систему ПВО, Кэп.",Управление оружием,Капитан
"Шкипер, атакуют, встань к орудию!",Управление оружием,Капитан
"Разберись с орудием на верхней палубе, Кэп.",Управление оружием,Капитан
"Иди займи место у торпедного аппарата, Капитан.",Управление оружием,Капитан
"Нужно кого-то поставить на пушку, Капитан, займись.",Управление оружием,Капитан
"Нужен ветеран у пушек, Шкипер, это ты.",Управление оружием,Капитан
"Капитан, разберись с заклинившим орудием.",Управление оружием,Капитан
"Встань за пульт и приготовься к бою, Капитан.",Управление оружием,Капитан
"Капитан, прикрой правый борт.",Управление оружием,Капитан
"Иди займи место у торпедного аппарата, Кэп.",Управление оружием,Капитан
"Встань на позицию стрелка, Капитан.",Управление оружием,Капитан
"Капитан, займи боевой пост.",Управление оружием,Капитан
"Кэп, займи зенитную установку.",Управление оружием,Капитан
"Нужно кого-то поставить на баковую пушку, Шкипер.",Управление оружием,Капитан
"Капитан, встань к боевому модулю.",Управление оружием,Капитан
"Капитан, займи носовую пушку.",Управление оружием,Капитан
"Нужно вручную управлять огнём, Кэп.",Управление оружием,Капитан
"Капитан, требуется твоё мастерство.",Управление оружием,Капитан
"Капитан, займи противоминное орудие.",Управление оружием,Капитан
"Нужно прикрыть левый борт, займи пушку, Кэп.",Управление оружием,Капитан
"Нужен человек на верхнюю турель, Шкипер.",Управление оружием,Капитан
"Капитан, управляй вооружением.",Управление оружием,Капитан
"Шкипер, займи основной калибр.",Управление оружием,Капитан
"Иди заряди орудие вручную, Кэп.",Управление оружием,Капитан
"Займи орудие и жди моего приказа, Шкипер.",Управление оружием,Капитан
"Нужно занять все посты, Охранник, встань к пушке.",Управление оружием,Охранник
"На палубе пусто, встань за пулемёт, Охранник.",Управление оружием,Охранник
"Слышь, Бодигард, займи уже наконец орудие.",Управление оружием,Охранник
"Займись перезарядкой орудия, Страж.",Управление оружием,Охранник
"Бодигард, разберись с заклинившим орудием.",Управление оружием,Охранник
"Займи тяжёлую артиллерию, Стражник.",Управление оружием,Охранник
"Нужно занять все посты, Страж, встань к пушке.",Управление оружием,Охранник
"Твоя очередь нести вахту на оружии, Стражник.",Управление оружием,Охранник
"Займи орудие и жди цели, Страж.",Управление оружием,Охранник
"Твои навыки нужны у орудия, Стражник.",Управление оружием,Охранник
"Страж, прикрой наш выход.",Управление оружием,Охранник
"Требуется твоя помощь с наведением орудия, Охранник.",Управление оружием,Охранник
"Страж, срочно займи орудие!",Управление оружием,Охранник
"Бодигард, управляй системой залпового огня.",Управление оружием,Охранник
"Нужно прикрыть левый борт, займи пушку, Охранник.",Управление оружием,Охранник
"Охранник, требуется твоё мастерство.",Управление оружием,Охранник
"Займи турель и прикрой нас, Страж.",Управление оружием,Охранник
"Охранник, займи правое орудие.",Управление оружием,Охранник
"Нужно прицелиться вручную, Стражник, займись.",Управление оружием,Охранник
"Иди займи позицию у лазерной пушки, Охранник.",Управление оружием,Охранник
"Встань к орудию, пока мы не стали мишенью, Охранник.",Управление оружием,Охранник
"Иди займи пусковую установку, Бодигард.",Управление оружием,Охранник
"Охранник, заряди орудие.",Управление оружием,Охранник
"Займи зенитную установку, Страж.",Управление оружием,Охранник
"Займи боевой пост номер один, Охранник.",Управление оружием,Охранник
"Страж, враг рядом, встань к пушке!",Управление оружием,Охранник
"Охранник, займи нижнее орудие.",Управление оружием,Охранник
"Иди займи пост у реактивной пушки, Бодигард.",Управление оружием,Охранник
"Стражник, встань к пушке.",Управление оружием,Охранник
"Встань к пульту и заряди пушку, Стражник.",Управление оружием,Охранник
"Пора сменить стрелка, займи его место, Стражник.",Управление оружием,Охранник
"Страж, перезаряди вооружение.",Управление оружием,Охранник
"Пора бы уже занять место стрелка, Стражник.",Управление оружием,Охранник
"Нужно срочно занять турель, Стражник.",Управление оружием,Охранник
"Займи зенитную установку, Бодигард.",Управление оружием,Охранник
"Займи пульт управления огнём, Страж.",Управление оружием,Охранник
"Стражник, наведи пушку на цель.",Управление оружием,Охранник
"Твоя очередь стрелять, Бодигард.",Управление оружием,Охранник
"Страж, займи систему ПВО.",Управление оружием,Охранник
"Бодигард, нужен лучший стрелок.",Управление оружием,Охранник
"Бодигард, прикрой корму.",Управление оружием,Охранник
"Займи боевую позицию, Бодигард.",Управление оружием,Охранник
"Пора бы уже занять оружейный пост, Страж.",Управление оружием,Охранник
"Стражник, займи ракетную установку.",Управление оружием,Охранник
"Стражник, заряди орудие.",Управление оружием,Охранник
"Охранник, будь готов к атаке.",Управление оружием,Охранник
"Требуется твоё вмешательство у орудия, Страж.",Управление оружием,Охранник
"Бодигард, займи основной калибр.",Управление оружием,Охранник
"Пора бы уже занять место стрелка, Страж.",Управление оружием,Охранник
"Охранник, мы под атакой, займи орудие!",Управление оружием,Охранник
"Бодигард, займи тяжёлую турель.",Управление оружием,Охранник
"Слышь, Страж, займи уже наконец орудие.",Управление оружием,Охранник
"Бодигард, прикрой наш выход.",Управление оружием,Охранник
"Займи зенитную установку, Охранник.",Управление оружием,Охранник
"Слышь, Стражник, займи уже наконец орудие.",Управление оружием,Охранник
"Бодигард, управляй вооружением.",Управление оружием,Охранник
"Бодигард, встань за пулемёт.",Управление оружием,Охранник
"Пора бы уже занять турель, Стражник.",Управление оружием,Охранник
"Встань к запасному орудию, Страж.",Управление оружием,Охранник
"Бодигард, встань к боевому модулю.",Управление оружием,Охранник
"Займи левое орудие, Охранник.",Управление оружием,Охранник
"Займи орудие, я беру управление на себя, Стражник.",Управление оружием,Охранник
"Займи орудие и жди моего приказа, Страж.",Управление оружием,Охранник
"Нужен человек на верхнюю турель, Стражник.",Управление оружием,Охранник
"Требуется твоя помощь с пушкой, Стражник.",Управление оружием,Охранник
"Бодигард, будь готов к атаке.",Управление оружием,Охранник
"Иди наведи пушку на сканеры, Страж.",Управление оружием,Охранник
"Встань за пульт управления огнём, Страж.",Управление оружием,Охранник
"На палубе никого, нужно тебе встать на пушку, Страж.",Управление оружием,Охранник
"Стражник, нужен ветеран у пушек.",Управление оружием,Охранник
"Займи орудие, я вижу цель, Охранник.",Управление оружием,Охранник
"Пора бы уже занять место стрелка, Бодигард.",Управление оружием,Охранник
"Требуется твоё мастерство у пушки, Охранник.",Управление оружием,Охранник
"Иди разберись с орудием, Бодигард.",Управление оружием,Охранник
"Займись противолодочным орудием, Охранник.",Управление оружием,Охранник
"Бодигард, мы в опасности, займи вооружение!",Управление оружием,Охранник
"Иди на корму, встань за зенитку, Стражник.",Управление оружием,Охранник
"Страж, немедленно встань за пульт!",Управление оружием,Охранник
"Пора бы уже занять оружейный пост, Стражник.",Управление оружием,Охранник
"Стражник, встань за пулемёт.",Управление оружием,Охранник
"Встань за пульт управления вооружением, Страж.",Управление оружием,Охранник
"Нужен наводчик, Бодигард, это твоя работа.",Управление оружием,Охранник
"Разберись с орудием на верхней палубе, Бодигард.",Управление оружием,Охранник
"Охранник, немедленно займи позицию!",Управление оружием,Охранник
"Страж, боевая тревога, займи пост!",Управление оружием,Охранник
"Охранник, разберись с заклинившим орудием.",Управление оружием,Охранник
"Бодигард, управляй кормовым орудием.",Управление оружием,Охранник
"Займи орудие, пока не поздно, Бодигард.",Управление оружием,Охранник
"Займи пушку и прикрой наш выход, Охранник.",Управление оружием,Охранник
"Страж, займи правое орудие.",Управление оружием,Охранник
"Нужен кто-то у пусковой, Страж, займись.",Управление оружием,Охранник
"Страж, минная опасность, займи противоминное!",Управление оружием,Охранник
"Бодигард, немедленно встань за пульт!",Управление оружием,Охранник
"Страж, немедленно встань к пушке!",Управление оружием,Охранник
"Нужно управлять оружием вручную, Страж.",Управление оружием,Охранник
"Встань за пульт управления вооружением, Бодигард.",Управление оружием,Охранник
"Бодигард, займи нижнее орудие.",Управление оружием,Охранник
"Страж, твои руки нужны на пушке.",Управление оружием,Охранник
"Пора бы уже занять боевой пост, Страж.",Управление оружием,Охранник
"Займи орудие и приготовься к стрельбе, Стражник.",Управление оружием,Охранник
"Займи пост у основного калибра, Медик.",Управление оружием,Медик
"Врач, твоя смена на боевом посту.",Управление оружием,Медик
"Иди разберись с оружейными системами, Лекарь.",Управление оружием,Медик
"Медик, немедленно встань к пушке!",Управление оружием,Медик
"Доктор, займи противоминное орудие.",Управление оружием,Медик
"Займи боевую позицию, Медик.",Управление оружием,Медик
"Нужно прикрыть левый борт, займи пушку, Медик.",Управление оружием,Медик
"Займи турель, пока остальные заняты, Лекарь.",Управление оружием,Медик
"Врач, минная опасность, займи противоминное!",Управление оружием,Медик
"Пора бы уже занять боевой пост, Лекарь.",Управление оружием,Медик
"Займись системой вооружения, Лекарь.",Управление оружием,Медик
"Нужен человек на кормовое орудие, Лекарь.",Управление оружием,Медик
"Займи ракетную установку, Доктор.",Управление оружием,Медик
"Требуется твоя помощь с наведением орудия, Доктор.",Управление оружием,Медик
"Займи зенитную установку, Медик.",Управление оружием,Медик
"Врач, встань на позицию.",Управление оружием,Медик
"Иди займи пост у реактивной пушки, Доктор.",Управление оружием,Медик
"Нужен кто-то у пусковой, Медик, займись.",Управление оружием,Медик
"Встань к запасному орудию, Лекарь.",Управление оружием,Медик
"Займи систему залпового огня, Доктор.",Управление оружием,Медик
"Нужно срочно занять турель, Доктор.",Управление оружием,Медик
"Требуется твоя помощь с пушкой, Врач.",Управление оружием,Медик
"Медик, прикрой корму.",Управление оружием,Медик
"Займись стабилизацией орудия, Медик.",Управление оружием,Медик
"Иди займи пост у реактивной пушки, Лекарь.",Управление оружием,Медик
"Разберись с орудием на верхней палубе, Врач.",Управление оружием,Медик
"Медик, займи баковую пушку.",Управление оружием,Медик
"Лекарь, атака с воздуха, займи ПВО!",Управление оружием,Медик
"Врач, встань к запасному орудию.",Управление оружием,Медик
"Медик, угроза, займи позицию!",Управление оружием,Медик
"Иди займи пост у реактивной пушки, Врач.",Управление оружием,Медик
"Доктор, займись орудием.",Управление оружием,Медик
"Займи позицию у торпедного аппарата, Медик.",Управление оружием,Медик
"Лекарь, займи носовую пушку.",Управление оружием,Медик
"Вручную наведи пушку на цель, Лекарь.",Управление оружием,Медик
"Иди разряди зарядное устройство орудия, Медик.",Управление оружием,Медик
"Займись перезарядкой орудия, Доктор.",Управление оружием,Медик
"Пора бы уже занять турель, Медик.",Управление оружием,Медик
"Займи орудие, я вижу цель, Врач.",Управление оружием,Медик
"Встань к орудию, мы входим в опасную зону, Врач.",Управление оружием,Медик
"Нужно прицелиться вручную, Врач, займись.",Управление оружием,Медик
"Займи турель и прикрой нас, Врач.",Управление оружием,Медик
"Твоя очередь управлять вооружением, Доктор.",Управление оружием,Медик
"Лекарь, разберись с заклинившим орудием.",Управление оружием,Медик
"Лекарь, приготовься к стрельбе.",Управление оружием,Медик
"Врач, перезаряди вооружение.",Управление оружием,Медик
"Нужно кого-то поставить на пуск установки, Доктор.",Управление оружием,Медик
"Доктор, встань к пушке.",Управление оружием,Медик
"Нужно управлять оружием вручную, Врач.",Управление оружием,Медик
"Займи орудие, я вижу цель, Доктор.",Управление оружием,Медик
"На палубе никого, нужно тебе встать на пушку, Врач.",Управление оружием,Медик
"Врач, управляй торпедным аппаратом.",Управление оружием,Медик
"Займи пушку и прикрой наш выход, Врач.",Управление оружием,Медик
"Займи тяжёлую турель, Доктор.",Управление оружием,Медик
"Займи зенитную установку, Врач.",Управление оружием,Медик
"Лекарь, управляй левым орудием.",Управление оружием,Медик
"Займи тяжёлую турель, Врач.",Управление оружием,Медик
"Займи орудие и приготовься к стрельбе, Доктор.",Управление оружием,Медик
"Разберись с орудием на верхней палубе, Медик.",Управление оружием,Медик
"Займи орудие и жди цели, Медик.",Управление оружием,Медик
"Встань к пульту и наведи пушку, Лекарь.",Управление оружием,Медик
"Пора бы уже встать к орудию, Доктор.",Управление оружием,Медик
"Встань за пульт управления вооружением, Лекарь.",Управление оружием,Медик
"Доктор, быстро займи пост!",Управление оружием,Медик
"Медик, прикрой нос.",Управление оружием,Медик
"Займись перезарядкой орудия, Врач.",Управление оружием,Медик
"Займи орудие, пока я занимаюсь навигацией, Медик.",Управление оружием,Медик
"Медик, твоя смена на боевом посту.",Управление оружием,Медик
"Возьми на себя управление лазерной пушкой, Доктор.",Управление оружием,Медик
"Встань за пульт и приготовься к бою, Врач.",Управление оружием,Медик
"Займи орудие, пока остальные ремонтируют, Доктор.",Управление оружием,Медик
"Врач, требуется твоё мастерство.",Управление оружием,Медик
"Пора бы уже встать за пулемёт, Врач.",Управление оружием,Медик
"Нужно срочно занять турель, Врач.",Управление оружием,Медик
"Медик, мы под атакой, займи орудие!",Управление оружием,Медик
"Займи левое орудие, Доктор.",Управление оружием,Медик
"Лекарь, стабилизируй орудие.",Управление оружием,Медик
"Нужно занять все посты, Медик, встань к пушке.",Управление оружием,Медик
"Займи пост у основного калибра, Доктор.",Управление оружием,Медик
"Требуется твоя помощь с наведением орудия, Врач.",Управление оружием,Медик
"Медик, немедленно встань за пульт!",Управление оружием,Медик
"Лекарь, быстро займи станцию!",Управление оружием,Медик
"Пора бы уже занять оружейный пост, Врач.",Управление оружием,Медик
"Встань к пульту и заряди пушку, Лекарь.",Управление оружием,Медик
"Лекарь, угроза, займи позицию!",Управление оружием,Медик
"Врач, срочно займи орудие!",Управление оружием,Медик
"Твои руки нужны на пушке, Медик.",Управление оружием,Медик
"Пора бы уже занять место стрелка, Доктор.",Управление оружием,Медик
"Займи турель и прикрой нас, Доктор.",Управление оружием,Медик
"Врач, нужен лучший стрелок.",Управление оружием,Медик
"Доктор, быстро займи турель!",Управление оружием,Медик
"Доктор, встань к боевому модулю.",Управление оружием,Медик
"Нужно кого-то поставить на пуск установки, Врач.",Управление оружием,Медик
"Иди наведи пушку на ту тварь, Врач.",Управление оружием,Медик
"Вручную наведи пушку на цель, Доктор.",Управление оружием,Медик
"Займи тяжёлую артиллерию, Медик.",Управление оружием,Медик
"Иди займи пусковую установку, Врач.",Управление оружием,Медик
"Займи ракетную установку, Лекарь.",Управление оружием,Медик
"Займи орудие, пока не поздно, Врач.",Управление оружием,Медик
"Лекарь, прикрой корму.",Управление оружием,Медик
"Встань за пульт и приготовься к бою, Инженер.",Управление оружием,Инженер
"Требуется твоё вмешательство у орудия, Инженер.",Управление оружием,Инженер
"Займи турель и прикрой нас, Техник.",Управление оружием,Инженер
"Займи тяжёлую артиллерию, Техник.",Управление оружием,Инженер
"Инженер, атака с воздуха, займи ПВО!",Управление оружием,Инженер
"Займи турель и будь наготове, Техник.",Управление оружием,Инженер
"Займи систему ПВО, Инженер.",Управление оружием,Инженер
"Займись перезарядкой орудия, Инженер.",Управление оружием,Инженер
"Иди займи место у торпедного аппарата, Техник.",Управление оружием,Инженер
"Требуется твоё мастерство у пушки, Инженер.",Управление оружием,Инженер
"Техник, займи правое орудие.",Управление оружием,Инженер
"Требуется твоя помощь с наведением орудия, Техник.",Управление оружием,Инженер
"Нужно прицелиться вручную, Инженер, займись.",Управление оружием,Инженер
"Техник, атака с воздуха, займи ПВО!",Управление оружием,Инженер
"Техник, немедленно встань к пушке!",Управление оружием,Инженер
"Возьми на себя управление лазерной пушкой, Инженер.",Управление оружием,Инженер
"Инженер, встань к противолодочному орудию.",Управление оружием,Инженер
"Техник, требуется твоё мастерство.",Управление оружием,Инженер
"Инженер, перезаряди вооружение.",Управление оружием,Инженер
"Твоя очередь управлять вооружением, Техник.",Управление оружием,Инженер
"Инженер, разряди зарядное устройство.",Управление оружием,Инженер
"Инженер, срочно требуется стрелок!",Управление оружием,Инженер
"Техник, займи турель.",Управление оружием,Инженер
"Займи орудие, я координирую атаку, Техник.",Управление оружием,Инженер
"Техник, разберись с заклинившим орудием.",Управление оружием,Инженер
"Инженер, займи противоминное орудие.",Управление оружием,Инженер
"Инженер, опасность, займи турель!",Управление оружием,Инженер
"Встань к орудию, мы входим в опасную зону, Техник.",Управление оружием,Инженер
"Инженер, разберись с заклинившим орудием.",Управление оружием,Инженер
"Встань к орудию, мы входим в опасную зону, Инженер.",Управление оружием,Инженер
"Техник, нужен ветеран у пушек.",Управление оружием,Инженер
"Займись перезарядкой орудия, Техник.",Управление оружием,Инженер
"Твоя очередь нести вахту на оружии, Техник.",Управление оружием,Инженер
"Встань к пульту и заряди пушку, Инженер.",Управление оружием,Инженер
"Инженер, управляй вооружением.",Управление оружием,Инженер
"Займи позицию у боевого модуля, Техник.",Управление оружием,Инженер
"Встань к запасному орудию, Инженер.",Управление оружием,Инженер
"Инженер, встань на позицию.",Управление оружием,Инженер
"Инженер, мы в опасности, займи вооружение!",Управление оружием,Инженер
"Займи орудие, пока остальные ремонтируют, Техник.",Управление оружием,Инженер
"Займи зенитную установку, Инженер.",Управление оружием,Инженер
"Техник, минная опасность, займи противоминное!",Управление оружием,Инженер
"Займи нижнее орудие, Инженер.",Управление оружием,Инженер
"Займи боевую позицию, Инженер.",Управление оружием,Инженер
"Займи левое орудие, Техник.",Управление оружием,Инженер
"Техник, срочно требуется стрелок!",Управление оружием,Инженер
"Иди заряди орудие вручную, Техник.",Управление оружием,Инженер
"Техник, займи зенитную установку.",Управление оружием,Инженер
"Нужно вручную управлять зениткой, Техник.",Управление оружием,Инженер
"Вручную наведи пушку на цель, Инженер.",Управление оружием,Инженер
"Инженер, займи тяжёлую турель.",Управление оружием,Инженер
"Инженер, враг рядом, встань к пушке!",Управление оружием,Инженер
"На палубе никого, нужно тебе встать на пушку, Техник.",Управление оружием,Инженер
"Иди разберись с заклинившим орудием, Инженер.",Управление оружием,Инженер
"Техник, все заняты, встань к пушке.",Управление оружием,Инженер
"Встань за пульт и приготовься к бою, Техник.",Управление оружием,Инженер
"Иди на корму, встань за зенитку, Техник.",Управление оружием,Инженер
"Техник, немедленно встань за пульт!",Управление оружием,Инженер
"Техник, твоя очередь нести вахту.",Управление оружием,Инженер
"Техник, опасность, займи турель!",Управление оружием,Инженер
"Инженер, встань к запасному орудию.",Управление оружием,Инженер
"Нужен человек на кормовое орудие, Инженер.",Управление оружием,Инженер
"Встань к орудию, пока мы не стали мишенью, Инженер.",Управление оружием,Инженер
"Инженер, требуется твоя реакция.",Управление оружием,Инженер
"Инженер, на палубе никого, займи орудие.",Управление оружием,Инженер
"Нужно занять все посты, Техник, встань к пушке.",Управление оружием,Инженер
"Инженер, срочно нужен наводчик!",Управление оружием,Инженер
"Займи позицию у торпедного аппарата, Техник.",Управление оружием,Инженер
"Техник, управляй торпедным аппаратом.",Управление оружием,Инженер
"Займи турель, пока остальные заняты, Техник.",Управление оружием,Инженер
"Инженер, пока остальные заняты, займи орудие.",Управление оружием,Инженер
"Инженер, управляй левым орудием.",Управление оружием,Инженер
"Пора бы уже занять оружейный пост, Техник.",Управление оружием,Инженер
"Вручную наведи пушку на цель, Техник.",Управление оружием,Инженер
"Иди займи позицию у лазерной пушки, Инженер.",Управление оружием,Инженер
"Техник, твоя смена на боевом посту.",Управление оружием,Инженер
"Иди разберись с заклинившим орудием, Техник.",Управление оружием,Инженер
"Нужен человек на кормовое орудие, Техник.",Управление оружием,Инженер
"Инженер, наведи пушку на цель.",Управление оружием,Инженер
"Займи орудие и приготовься к стрельбе, Инженер.",Управление оружием,Инженер
"Инженер, быстро займи станцию!",Управление оружием,Инженер
"Нужно вручную управлять огнём, Техник.",Управление оружием,Инженер
"Инженер, прикрой правый борт.",Управление оружием,Инженер
"Техник, прикрой правый борт.",Управление оружием,Инженер
"Инженер, подводная атака, займи противолодочное!",Управление оружием,Инженер
"Нужен стрелок на носовую пушку, Инженер.",Управление оружием,Инженер
"На палубе пусто, встань за пулемёт, Инженер.",Управление оружием,Инженер
"Займи орудие, я вижу цель, Инженер.",Управление оружием,Инженер
"Инженер, требуется твоё мастерство.",Управление оружием,Инженер
"Техник, встань за пулемёт.",Управление оружием,Инженер
"Займи пост у основного калибра, Техник.",Управление оружием,Инженер
"Нужно вручную управлять зениткой, Инженер.",Управление оружием,Инженер
"Займись системой вооружения, Техник.",Управление оружием,Инженер
"Встань к пульту и заряди пушку, Техник.",Управление оружием,Инженер
"Иди разряди зарядное устройство орудия, Инженер.",Управление оружием,Инженер
"Техник, займи носовую пушку.",Управление оружием,Инженер
"Требуется твоя помощь с пушкой, Инженер.",Управление оружием,Инженер
"Техник, перезаряди вооружение.",Управление оружием,Инженер
"Техник, встань к пушке.",Управление оружием,Инженер
"Займись противоминным орудием, Инженер.",Управление оружием,Инженер
"Займи ракетную установку, Слесарь.",Управление оружием,Механик
"Иди займи пусковую установку, Ремонтник.",Управление оружием,Механик
"Ремонтник, на палубе никого, займи орудие.",Управление оружием,Механик
"Механик, срочно требуется стрелок!",Управление оружием,Механик
"Ремонтник, твои навыки нужны у пушки.",Управление оружием,Механик
"Ремонтник, стабилизируй орудие.",Управление оружием,Механик
"Слесарь, минная опасность, займи противоминное!",Управление оружием,Механик
"Требуется твоя реакция у орудия, Слесарь.",Управление оружием,Механик
"Иди на корму, встань за зенитку, Слесарь.",Управление оружием,Механик
"Механик, встань за пулемёт.",Управление оружием,Механик
"Слесарь, твоя очередь нести вахту.",Управление оружием,Механик
"Ремонтник, прикрой нос.",Управление оружием,Механик
"Ремонтник, управляй вооружением.",Управление оружием,Механик
"Механик, мы в опасности, займи вооружение!",Управление оружием,Механик
"Иди займи место у торпедного аппарата, Ремонтник.",Управление оружием,Механик
"Займи пульт управления огнём, Механик.",Управление оружием,Механик
"Механик, встань к боевому модулю.",Управление оружием,Механик
"Займи орудие и жди цели, Ремонтник.",Управление оружием,Механик
"Займи орудие, пока я занимаюсь навигацией, Ремонтник.",Управление оружием,Механик
"Нужно вручную управлять огнём, Механик.",Управление оружием,Механик
"Иди разряди зарядное устройство орудия, Ремонтник.",Управление оружием,Механик
"Вручную наведи пушку на цель, Слесарь.",Управление оружием,Механик
"Слесарь, стабилизируй орудие.",Управление оружием,Механик
"Нужно вручную управлять огнём, Ремонтник.",Управление оружием,Механик
"Слесарь, приготовься к стрельбе.",Управление оружием,Механик
"Ремонтник, встань к противолодочному орудию.",Управление оружием,Механик
"Ремонтник, управляй системой залпового огня.",Управление оружием,Механик
"Механик, твоя очередь нести вахту.",Управление оружием,Механик
"Механик, угроза, займи позицию!",Управление оружием,Механик
"Слесарь, открой огонь по команде.",Управление оружием,Механик
"Иди займи место у торпедного аппарата, Слесарь.",Управление оружием,Механик
"Встань за пульт управления вооружением, Механик.",Управление оружием,Механик
"Иди разберись с орудием, Механик.",Управление оружием,Механик
"Займи турель, пока остальные заняты, Механик.",Управление оружием,Механик
"Слесарь, встань к противолодочному орудию.",Управление оружием,Механик
"Механик, встань к верхней турели.",Управление оружием,Механик
"Займи нижнее орудие, Слесарь.",Управление оружием,Механик
"Слесарь, займи основной калибр.",Управление оружием,Механик
"Требуется твоё вмешательство у орудия, Механик.",Управление оружием,Механик
"Иди на корму, встань за зенитку, Механик.",Управление оружием,Механик
"Встань к пульту и заряди пушку, Ремонтник.",Управление оружием,Механик
"Слесарь, боевая тревога, займи пост!",Управление оружием,Механик
"Займи пульт управления огнём, Слесарь.",Управление оружием,Механик
"Ремонтник, твоя смена на боевом посту.",Управление оружием,Механик
"Слесарь, немедленно встань за пульт!",Управление оружием,Механик
"Иди на корму, встань за зенитку, Ремонтник.",Управление оружием,Механик
"Встань к орудию, мы входим в опасную зону, Механик.",Управление оружием,Механик
"Слесарь, прикрой наш выход.",Управление оружием,Механик
"Иди наведи пушку на сканеры, Слесарь.",Управление оружием,Механик
"Нужен кто-то у пусковой, Слесарь, займись.",Управление оружием,Механик
"Нужен стрелок на носовую пушку, Ремонтник.",Управление оружием,Механик
"Иди разберись с орудием, Слесарь.",Управление оружием,Механик
"Механик, заряди орудие.",Управление оружием,Механик
"Пора бы уже занять турель, Ремонтник.",Управление оружием,Механик
"Ремонтник, займи основной калибр.",Управление оружием,Механик
"Слесарь, мы под атакой, займи орудие!",Управление оружием,Механик
"Ремонтник, требуется твоя реакция.",Управление оружием,Механик
"Займи позицию у боевого модуля, Механик.",Управление оружием,Механик
"На палубе пусто, встань за пулемёт, Механик.",Управление оружием,Механик
"Требуется твоя помощь с наведением орудия, Ремонтник.",Управление оружием,Механик
"Твоя очередь управлять вооружением, Механик.",Управление оружием,Механик
"Займи пост у основного калибра, Слесарь.",Управление оружием,Механик
"Иди разряди зарядное устройство орудия, Слесарь.",Управление оружием,Механик
"Нужно срочно занять турель, Слесарь.",Управление оружием,Механик
"Нужно вручную управлять зениткой, Ремонтник.",Управление оружием,Механик
"Пора бы уже встать за пулемёт, Ремонтник.",Управление оружием,Механик
"Займи турель, пока остальные заняты, Слесарь.",Управление оружием,Механик
"Ремонтник, разберись с заклинившим орудием.",Управление оружием,Механик
"Нужен ветеран у пушек, Ремонтник, это ты.",Управление оружием,Механик
"Нужно управлять оружием вручную, Ремонтник.",Управление оружием,Механик
"Иди заряди орудие вручную, Механик.",Управление оружием,Механик
"Механик, враг приближается, встань к пушке!",Управление оружием,Механик
"Слесарь, управляй торпедным аппаратом.",Управление оружием,Механик
"Слесарь, наведи пушку на цель.",Управление оружием,Механик
"Иди разряди зарядное устройство орудия, Механик.",Управление оружием,Механик
"Механик, управляй тяжёлой артиллерией.",Управление оружием,Механик
"Требуется твоё мастерство у пушки, Слесарь.",Управление оружием,Механик
"Займи орудие, я координирую атаку, Механик.",Управление оружием,Механик
"Займи систему залпового огня, Слесарь.",Управление оружием,Механик
"Слесарь, пока остальные заняты, займи орудие.",Управление оружием,Механик
"Займись перезарядкой орудия, Ремонтник.",Управление оружием,Механик
"Займи орудие, я вижу цель, Слесарь.",Управление оружием,Механик
"Займи орудие и жди моего приказа, Ремонтник.",Управление оружием,Механик
"Займись перезарядкой орудия, Механик.",Управление оружием,Механик
"Ремонтник, разряди зарядное устройство.",Управление оружием,Механик
"Встань к орудию, мы входим в опасную зону, Слесарь.",Управление оружием,Механик
"Нужно занять все посты, Ремонтник, встань к пушке.",Управление оружием,Механик
"Иди разберись с орудием, Ремонтник.",Управление оружием,Механик
"Механик, займи систему ПВО.",Управление оружием,Механик
"Нужно кого-то поставить на пушку, Слесарь, займись.",Управление оружием,Механик
"Нужно управлять оружием вручную, Слесарь.",Управление оружием,Механик
"Ремонтник, быстро займи пост!",Управление оружием,Механик
"Нужен человек на кормовое орудие, Механик.",Управление оружием,Механик
"Слесарь, твои навыки нужны у пушки.",Управление оружием,Механик
"Займи орудие, я координирую атаку, Слесарь.",Управление оружием,Механик
"Твоя очередь управлять вооружением, Слесарь.",Управление оружием,Механик
"Займись противоминным орудием, Ремонтник.",Управление оружием,Механик
"Ремонтник, перезаряди вооружение.",Управление оружием,Механик
"Слесарь, немедленно займи позицию!",Управление оружием,Механик
"Слесарь, управляй тяжёлой артиллерией.",Управление оружием,Механик
"Юнга, встань к противолодочному орудию.",Управление оружием,Помощник
"Юнга, разберись с заклинившим орудием.",Управление оружием,Помощник
"Коллега, встань к запасному орудию.",Управление оружием,Помощник
"Займись противоминным орудием, Коллега.",Управление оружием,Помощник
"Коллега, встань к пушке.",Управление оружием,Помощник
"Займи боевую позицию, Коллега.",Управление оружием,Помощник
"Пора бы уже занять боевой пост, Юнга.",Управление оружием,Помощник
"Помощник, займи систему ПВО.",Управление оружием,Помощник
"Твоя очередь нести вахту на оружии, Юнга.",Управление оружием,Помощник
"Займи пушку и прикрой наш выход, Коллега.",Управление оружием,Помощник
"Твоя очередь стрелять, Коллега.",Управление оружием,Помощник
"Займи турель, пока остальные заняты, Коллега.",Управление оружием,Помощник
"Нужно занять все посты, Помощник, встань к пушке.",Управление оружием,Помощник
"Коллега, управляй тяжёлой артиллерией.",Управление оружием,Помощник
"Юнга, требуется твоё мастерство.",Управление оружием,Помощник
"Пора бы уже занять боевой пост, Коллега.",Управление оружием,Помощник
"Помощник, немедленно займи позицию!",Управление оружием,Помощник
"Займи боевую рубку, Юнга.",Управление оружием,Помощник
"Займи орудие, я вижу цель, Коллега.",Управление оружием,Помощник
"Юнга, мы под атакой, займи орудие!",Управление оружием,Помощник
"Иди разряди зарядное устройство орудия, Коллега.",Управление оружием,Помощник
"Нужно кого-то поставить на баковую пушку, Юнга.",Управление оружием,Помощник
"Юнга, займись орудием.",Управление оружием,Помощник
"Займи орудие и жди цели, Юнга.",Управление оружием,Помощник
"Требуется твоё мастерство у пушки, Коллега.",Управление оружием,Помощник
"Займи орудие, я вижу цель, Помощник.",Управление оружием,Помощник
"Помощник, управляй торпедным аппаратом.",Управление оружием,Помощник
"Нужно срочно занять турель, Новичок.",Управление оружием,Помощник
"Коллега, управляй торпедным аппаратом.",Управление оружием,Помощник
"Займи ракетную установку, Юнга.",Управление оружием,Помощник
"Иди займи пост у реактивной пушки, Коллега.",Управление оружием,Помощник
"Нужно прицелиться вручную, Юнга, займись.",Управление оружием,Помощник
"Займи орудие, я беру управление на себя, Новичок.",Управление оружием,Помощник
"Иди на корму, встань за зенитку, Помощник.",Управление оружием,Помощник
"Коллега, немедленно встань за пульт!",Управление оружием,Помощник
"Новичок, займи носовую пушку.",Управление оружием,Помощник
"Займи орудие, пока я занимаюсь навигацией, Помощник.",Управление оружием,Помощник
"Нужно управлять оружием вручную, Помощник.",Управление оружием,Помощник
"Нужен лучший стрелок, Помощник, это ты.",Управление оружием,Помощник
"Иди займи пусковую установку, Новичок.",Управление оружием,Помощник
"Юнга, перезаряди вооружение.",Управление оружием,Помощник
"Новичок, будь готов к атаке.",Управление оружием,Помощник
"Юнга, твоя очередь нести вахту.",Управление оружием,Помощник
"Иди наведи пушку на сканеры, Новичок.",Управление оружием,Помощник
"Помощник, будь наготове.",Управление оружием,Помощник
"Иди займи позицию у лазерной пушки, Помощник.",Управление оружием,Помощник
"Займись стабилизацией орудия, Новичок.",Управление оружием,Помощник
"Юнга, займи турель.",Управление оружием,Помощник
"Коллега, управляй системой залпового огня.",Управление оружием,Помощник
"Коллега, враг рядом, встань к пушке!",Управление оружием,Помощник
"Твои руки нужны на пушке, Помощник.",Управление оружием,Помощник
"Коллега, будь наготове.",Управление оружием,Помощник
"Новичок, боевая тревога, займи пост!",Управление оружием,Помощник
"Займи левое орудие, Коллега.",Управление оружием,Помощник
"Нужно управлять оружием вручную, Новичок.",Управление оружием,Помощник
"Юнга, боевая тревога, займи пост!",Управление оружием,Помощник
"Помощник, встань за пулемёт.",Управление оружием,Помощник
"Юнга, займи лазерную пушку.",Управление оружием,Помощник
"Иди займи пост у реактивной пушки, Юнга.",Управление оружием,Помощник
"Новичок, немедленно встань к пушке!",Управление оружием,Помощник
"Юнга, займи основной калибр.",Управление оружием,Помощник
"Коллега, все заняты, встань к пушке.",Управление оружием,Помощник
"Коллега, быстро займи станцию!",Управление оружием,Помощник
"Новичок, минная опасность, займи противоминное!",Управление оружием,Помощник
"Займи пушку и прикрой наш выход, Юнга.",Управление оружием,Помощник
"Встань на позицию стрелка, Коллега.",Управление оружием,Помощник
"Займи систему ПВО, Коллега.",Управление оружием,Помощник
"Займись перезарядкой орудия, Коллега.",Управление оружием,Помощник
"Возьми на себя управление лазерной пушкой, Коллега.",Управление оружием,Помощник
"Новичок, займи противоминное орудие.",Управление оружием,Помощник
"Нужен лучший стрелок, Коллега, это ты.",Управление оружием,Помощник
"Иди разберись с оружейными системами, Помощник.",Управление оружием,Помощник
"Коллега, займи лазерную пушку.",Управление оружием,Помощник
"Новичок, займи тяжёлую турель.",Управление оружием,Помощник
"Займи пушку и прикрой наш выход, Новичок.",Управление оружием,Помощник
"Твои навыки нужны у орудия, Коллега.",Управление оружием,Помощник
"Помощник, управляй левым орудием.",Управление оружием,Помощник
"Новичок, встань к противолодочному орудию.",Управление оружием,Помощник
"Встань к орудию, пока мы не стали мишенью, Новичок.",Управление оружием,Помощник
"Нужно вручную управлять огнём, Юнга.",Управление оружием,Помощник
"Коллега, прикрой правый борт.",Управление оружием,Помощник
"Займи турель и прикрой нас, Юнга.",Управление оружием,Помощник
"Займи систему залпового огня, Юнга.",Управление оружием,Помощник
"Иди на корму, встань за зенитку, Коллега.",Управление оружием,Помощник
"Требуется твоя реакция у орудия, Помощник.",Управление оружием,Помощник
"Новичок, перезаряди вооружение.",Управление оружием,Помощник
"Займи позицию у торпедного аппарата, Юнга.",Управление оружием,Помощник
"Твоя очередь стрелять, Помощник.",Управление оружием,Помощник
"Новичок, управляй вооружением.",Управление оружием,Помощник
"Займи боевую позицию, Юнга.",Управление оружием,Помощник
"Требуется твоя реакция у орудия, Юнга.",Управление оружием,Помощник
"Требуется твоё вмешательство у орудия, Юнга.",Управление оружием,Помощник
"Требуется твоё присутствие на боевом посту, Помощник.",Управление оружием,Помощник
"Иди разберись с оружейными системами, Коллега.",Управление оружием,Помощник
"Требуется твоё вмешательство у орудия, Коллега.",Управление оружием,Помощник
"Коллега, управляй кормовым орудием.",Управление оружием,Помощник
"Займись противоминным орудием, Помощник.",Управление оружием,Помощник
"Займи пульт управления огнём, Юнга.",Управление оружием,Помощник
"Нужен стрелок на носовую пушку, Помощник.",Управление оружием,Помощник
"На палубе никого, нужно тебе встать на пушку, Новичок.",Управление оружием,Помощник
"Займи левое орудие, боты.",Управление оружием,all
"все, будь готов к атаке.",Управление оружием,all
"команда, твои руки нужны на пушке.",Управление оружием,all
"команда, немедленно займи позицию!",Управление оружием,all
"Займи орудие, я координирую атаку, экипаж.",Управление оружием,all
"Встань на позицию стрелка, все.",Управление оружием,all
"боты, разберись с заклинившим орудием.",Управление оружием,all
"Встань к орудию, пока мы не стали мишенью, экипаж.",Управление оружием,all
"Нужно кого-то поставить на пуск установки, все.",Управление оружием,all
"команда, займи зенитную установку.",Управление оружием,all
"Займи левое орудие, экипаж.",Управление оружием,all
"все, займи зенитную установку.",Управление оружием,all
"Нужно прицелиться вручную, боты, займись.",Управление оружием,all
"Займи орудие, я координирую атаку, боты.",Управление оружием,all
"Пора сменить стрелка, займи его место, боты.",Управление оружием,all
"экипаж, враг рядом, встань к пушке!",Управление оружием,all
"все, пока остальные заняты, займи орудие.",Управление оружием,all
"Требуется твоя помощь с пушкой, команда.",Управление оружием,all
"Займись стабилизацией орудия, все.",Управление оружием,all
"Займись противоминным орудием, боты.",Управление оружием,all
"Займи боевую позицию, все.",Управление оружием,all
"Встань к орудию, пока мы не стали мишенью, все.",Управление оружием,all
"Твоя очередь стрелять, боты.",Управление оружием,all
"Нужно вручную управлять огнём, все.",Управление оружием,all
"все, прикрой левый борт.",Управление оружием,all
"Нужно вручную управлять зениткой, боты.",Управление оружием,all
"все, твои навыки нужны у пушки.",Управление оружием,all
"экипаж, управляй тяжёлой артиллерией.",Управление оружием,all
"Встань к орудию, это приказ, команда.",Управление оружием,all
"команда, управляй вооружением.",Управление оружием,all
"все, займи противоминное орудие.",Управление оружием,all
"боты, немедленно встань к пушке!",Управление оружием,all
"Встань к орудию, мы входим в опасную зону, команда.",Управление оружием,all
"экипаж, пока остальные заняты, займи орудие.",Управление оружием,all
"Пора бы уже занять оружейный пост, боты.",Управление оружием,all
"Пора бы уже занять боевой пост, команда.",Управление оружием,all
"все, займи основной калибр.",Управление оружием,all
"все, займи тяжёлую турель.",Управление оружием,all
"все, немедленно встань за пульт!",Управление оружием,all
"команда, срочно нужен наводчик!",Управление оружием,all
"все, немедленно займи позицию!",Управление оружием,all
"Твоя очередь стрелять, все.",Управление оружием,all
"Иди на корму, встань за зенитку, команда.",Управление оружием,all
"Требуется твоя помощь с пушкой, все.",Управление оружием,all
"Встань за пульт управления огнём, все.",Управление оружием,all
"все, нужен лучший стрелок.",Управление оружием,all
"Займи боевую рубку, боты.",Управление оружием,all
"Встань за пульт управления вооружением, команда.",Управление оружием,all
"Займи турель и прикрой нас, команда.",Управление оружием,all
"Займи пост у основного калибра, команда.",Управление оружием,all
"команда, опасность, займи турель!",Управление оружием,all
"все, управляй тяжёлой артиллерией.",Управление оружием,all
"Нужно срочно занять турель, команда.",Управление оружием,all
"команда, займи систему ПВО.",Управление оружием,all
"Нужно вручную управлять огнём, боты.",Управление оружием,all
"Иди займи пост у реактивной пушки, боты.",Управление оружием,all
"Твоя очередь нести вахту на оружии, команда.",Управление оружием,all
"экипаж, прикрой нос.",Управление оружием,all
"Иди на корму, встань за зенитку, экипаж.",Управление оружием,all
"Займи тяжёлую артиллерию, команда.",Управление оружием,all
"боты, прикрой правый борт.",Управление оружием,all
"Займи боевую рубку, экипаж.",Управление оружием,all
"боты, прикрой левый борт.",Управление оружием,all
"Нужно кого-то поставить на баковую пушку, боты.",Управление оружием,all
"Пора бы уже занять турель, команда.",Управление оружием,all
"Займи систему ПВО, команда.",Управление оружием,all
"Займи позицию у торпедного аппарата, команда.",Управление оружием,all
"боты, твоя очередь нести вахту.",Управление оружием,all
"Твои руки нужны на пушке, команда.",Управление оружием,all
"Нужно занять все посты, экипаж, встань к пушке.",Управление оружием,all
"боты, твои руки нужны на пушке.",Управление оружием,all
"команда, открой огонь по команде.",Управление оружием,all
"Встань к пульту и заряди пушку, команда.",Управление оружием,all
"экипаж, стабилизируй орудие.",Управление оружием,all
"Твои навыки нужны у орудия, все.",Управление оружием,all
"Требуется твоя помощь с наведением орудия, экипаж.",Управление оружием,all
"все, враг рядом, встань к пушке!",Управление оружием,all
"Займи боевой пост номер один, команда.",Управление оружием,all
"команда, будь наготове.",Управление оружием,all
"Твоя очередь управлять вооружением, боты.",Управление оружием,all
"Пора сменить стрелка, займи его место, экипаж.",Управление оружием,all
"Займись противолодочным орудием, экипаж.",Управление оружием,all
"все, требуется твоё мастерство.",Управление оружием,all
"Пора бы уже встать к орудию, экипаж.",Управление оружием,all
"все, прицелься вручную.",Управление оружием,all
"экипаж, управляй левым орудием.",Управление оружием,all
"Займи орудие, пока остальные ремонтируют, все.",Управление оружием,all
"Нужен человек на верхнюю турель, все.",Управление оружием,all
"Возьми на себя управление лазерной пушкой, экипаж.",Управление оружием,all
"боты, разряди зарядное устройство.",Управление оружием,all
"Займи турель, пока остальные заняты, все.",Управление оружием,all
"боты, встань на позицию.",Управление оружием,all
"Иди разберись с прицелом орудия, боты.",Управление оружием,all
"Займи позицию у боевого модуля, экипаж.",Управление оружием,all
"Встань на позицию стрелка, команда.",Управление оружием,all
"боты, будь готов к атаке.",Управление оружием,all
"экипаж, твои навыки нужны у пушки.",Управление оружием,all
"Займи пульт управления огнём, боты.",Управление оружием,all
"экипаж, твоя смена на боевом посту.",Управление оружием,all
"Займи боевую позицию, экипаж.",Управление оружием,all
"Нужно кого-то поставить на пушку, кто здесь, займись.",Управление оружием,near
"На палубе никого, нужно тебе встать на пушку, ближний.",Управление оружием,near
"Встань за пульт управления вооружением, эй ты.",Управление оружием,near
"кто рядом, прикрой правый борт.",Управление оружием,near
"Иди займи позицию у лазерной пушки, эй ты.",Управление оружием,near
"Займи пушку и прикрой наш выход, кто близко.",Управление оружием,near
"Займи левое орудие, ближайший.",Управление оружием,near
"ближний, нужен ветеран у пушек.",Управление оружием,near
"Займи орудие и жди моего приказа, ближайший.",Управление оружием,near
"Встань за пульт управления огнём, ближний.",Управление оружием,near
"кто здесь, на палубе никого, займи орудие.",Управление оружием,near
"Займи боевой модуль и приготовься, кто здесь.",Управление оружием,near
"Займи левое орудие, кто рядом.",Управление оружием,near
"эй ты, управляй вооружением.",Управление оружием,near
"кто рядом, требуется твоё мастерство.",Управление оружием,near
"кто близко, срочно требуется стрелок!",Управление оружием,near
"Займись системой вооружения, эй ты.",Управление оружием,near
"Иди займи пусковую установку, кто близко.",Управление оружием,near
"Нужен лучший стрелок, эй ты, это ты.",Управление оружием,near
"Пора бы тебе встать к пушке, ближний.",Управление оружием,near
"Иди займи место у торпедного аппарата, ближайший.",Управление оружием,near
"ближний, требуется твоё мастерство.",Управление оружием,near
"Нужен человек на верхнюю турель, ближайший.",Управление оружием,near
"кто близко, прикрой нос.",Управление оружием,near
"Займи орудие и жди цели, ближний.",Управление оружием,near
"эй ты, управляй левым орудием.",Управление оружием,near
"Нужен стрелок на носовую пушку, ближайший.",Управление оружием,near
"Займи турель и прикрой нас, кто близко.",Управление оружием,near
"Иди заряди орудие вручную, кто близко.",Управление оружием,near
"Встань за пульт управления огнём, кто близко.",Управление оружием,near
"Займи тяжёлую артиллерию, кто здесь.",Управление оружием,near
"эй ты, займи правое орудие.",Управление оружием,near
"ближайший, займись орудием.",Управление оружием,near
"Пора бы уже занять боевой пост, ближайший.",Управление оружием,near
"эй ты, враг приближается, встань к пушке!",Управление оружием,near
"Займи пульт управления огнём, кто здесь.",Управление оружием,near
"Нужен ветеран у пушек, ближайший, это ты.",Управление оружием,near
"ближний, управляй вооружением.",Управление оружием,near
"Иди займи пост у реактивной пушки, ближайший.",Управление оружием,near
"эй ты, подводная атака, займи противолодочное!",Управление оружием,near
"кто рядом, встань к запасному орудию.",Управление оружием,near
"Займи позицию у боевого модуля, ближний.",Управление оружием,near
"кто рядом, управляй торпедным аппаратом.",Управление оружием,near
"кто рядом, нужен лучший стрелок.",Управление оружием,near
"ближайший, встань к запасному орудию.",Управление оружием,near
"Нужно вручную управлять зениткой, ближайший.",Управление оружием,near
"Займи орудие, я вижу цель, ближайший.",Управление оружием,near
"эй ты, встань к пушке.",Управление оружием,near
"Займи турель и будь наготове, кто близко.",Управление оружием,near
"Займись системой вооружения, кто здесь.",Управление оружием,near
"эй ты, нужен ветеран у пушек.",Управление оружием,near
"Иди заряди орудие вручную, эй ты.",Управление оружием,near
"ближайший, немедленно встань за пульт!",Управление оружием,near
"кто близко, подводная атака, займи противолодочное!",Управление оружием,near
"ближайший, срочно требуется стрелок!",Управление оружием,near
"Займи пульт управления огнём, ближний.",Управление оружием,near
"ближний, управляй торпедным аппаратом.",Управление оружием,near
"кто здесь, атака с воздуха, займи ПВО!",Управление оружием,near
"Встань к пульту и наведи пушку, ближний.",Управление оружием,near
"Займи орудие, пока я занимаюсь навигацией, ближний.",Управление оружием,near
"кто здесь, будь наготове.",Управление оружием,near
"Займись стабилизацией орудия, кто здесь.",Управление оружием,near
"кто близко, приготовься к стрельбе.",Управление оружием,near
"Займи орудие и приготовься к стрельбе, ближний.",Управление оружием,near
"Пора бы уже встать за пулемёт, ближний.",Управление оружием,near
"Твоя смена на боевом посту, эй ты.",Управление оружием,near
"Разберись с орудием на верхней палубе, ближайший.",Управление оружием,near
"Займи тяжёлую артиллерию, кто близко.",Управление оружием,near
"кто здесь, требуется твоё мастерство.",Управление оружием,near
"ближайший, прикрой правый борт.",Управление оружием,near
"кто близко, заряди орудие.",Управление оружием,near
"Займи ракетную установку, кто здесь.",Управление оружием,near
"Займи систему залпового огня, ближайший.",Управление оружием,near
"Займи систему залпового огня, кто здесь.",Управление оружием,near
"эй ты, встань к запасному орудию.",Управление оружием,near
"Иди разберись с прицелом орудия, ближний.",Управление оружием,near
"Нужно чтобы кто-то встал на пушку, ближний.",Управление оружием,near
"Займи боевой модуль и приготовься, кто близко.",Управление оружием,near
"Пора сменить стрелка, займи его место, кто рядом.",Управление оружием,near
"Встань к пульту и заряди пушку, эй ты.",Управление оружием,near
"кто рядом, встань к верхней турели.",Управление оружием,near
"ближайший, все заняты, встань к пушке.",Управление оружием,near
"Нужен кто-то у пусковой, ближний, займись.",Управление оружием,near
"Иди разберись с оружейными системами, кто рядом.",Управление оружием,near
"ближний, займи нижнее орудие.",Управление оружием,near
"Нужно вручную управлять зениткой, эй ты.",Управление оружием,near
"эй ты, управляй тяжёлой артиллерией.",Управление оружием,near
"Пора бы уже занять оружейный пост, эй ты.",Управление оружием,near
"Иди займи пост у реактивной пушки, кто близко.",Управление оружием,near
"Займись стабилизацией орудия, кто рядом.",Управление оружием,near
"Нужно занять все посты, ближний, встань к пушке.",Управление оружием,near
"Иди займи место у торпедного аппарата, эй ты.",Управление оружием,near
"кто здесь, срочно требуется стрелок!",Управление оружием,near
"ближайший, займи боевой пост.",Управление оружием,near
"Требуется твоя помощь с наведением орудия, кто здесь.",Управление оружием,near
"Займи турель и прикрой нас, ближний.",Управление оружием,near
"Встань к пульту и заряди пушку, кто здесь.",Управление оружием,near
"Иди займи позицию у лазерной пушки, ближайший.",Управление оружием,near
"ближайший, быстро займи пост!",Управление оружием,near
"Займи боевой модуль и приготовься, ближний.",Управление оружием,near
"Кэп, возвращайся к месту старта.",Навигация назад,Капитан
"Капитан, быстро отходи!",Навигация назад,Капитан
"Шкипер, быстро отходи!",Навигация назад,Капитан
"Шкипер, лезь обратно к прошлой остановке.",Навигация назад,Капитан
"Отходи к исходной позиции, Шкипер.",Навигация назад,Капитан
"Разворачивай к последнему месту, Кэп.",Навигация назад,Капитан
"Отходи к последней локации, Капитан.",Навигация назад,Капитан
"Шкипер, давай обратный ход к базе.",Навигация назад,Капитан
"Кэп, вернись к точке отправления.",Навигация назад,Капитан
"Шкипер, отступай к прошлой станции.",Навигация назад,Капитан
"Разворачивай к предыдущей локации, Шкипер.",Навигация назад,Капитан
"Шкипер, лезь обратно к месту отплытия.",Навигация назад,Капитан
"Кэп, лезь обратно к прошлой позиции.",Навигация назад,Капитан
"Шкипер, возвращайся к исходной базе.",Навигация назад,Капитан
"Ретрируйся к стартовой точке, Шкипер.",Навигация назад,Капитан
"Шкипер, неполадки, ретрируйся!",Навигация назад,Капитан
"Капитан, быстро возвращайся!",Навигация назад,Капитан
"Лезь назад к старой базе, Кэп.",Навигация назад,Капитан
"Шкипер, обстановка ухудшилась, двигайся назад!",Навигация назад,Капитан
"Разворачивай к исходной позиции, Капитан.",Навигация назад,Капитан
"Кэп, назад к месту выхода.",Навигация назад,Капитан
"Ретрируйся к начальной позиции, Капитан.",Навигация назад,Капитан
"Шкипер, лезь обратно к прошлой локации.",Навигация назад,Капитан
"Капитан, лезь обратно к прошлому порту.",Навигация назад,Капитан
"Капитан, отойди к точке отплытия.",Навигация назад,Капитан
"Капитан, назад к предыдущему порту.",Навигация назад,Капитан
"Капитан, лезь обратно к прошлой остановке.",Навигация назад,Капитан
"Шкипер, атака, плыви обратно!",Навигация назад,Капитан
"Кэп, возвращайся к прошлому порту.",Навигация назад,Капитан
"Кэп, назад к старой позиции.",Навигация назад,Капитан
"Капитан, немедленно иди назад!",Навигация назад,Капитан
"Капитан, отойди к начальной точке.",Навигация назад,Капитан
"Разворачивай к предыдущей станции, Кэп.",Навигация назад,Капитан
"Капитан, возвращайся к последнему месту.",Навигация назад,Капитан
"Ретрируйся к стартовой точке, Кэп.",Навигация назад,Капитан
"Кэп, лезь обратно к прошлому месту.",Навигация назад,Капитан
"Отходи к точке отплытия, Капитан.",Навигация назад,Капитан
"Шкипер, лезь обратно к прошлой позиции.",Навигация назад,Капитан
"Отходи к точке отплытия, Шкипер.",Навигация назад,Капитан
"Капитан, ретрируйся к начальной позиции.",Навигация назад,Капитан
"Отходи к прошлой локации, Капитан.",Навигация назад,Капитан
"Ретрируйся к предыдущей остановке, Кэп.",Навигация назад,Капитан
"Кэп, назад к точке выхода.",Навигация назад,Капитан
"Капитан, возвращайся к стартовой станции.",Навигация назад,Капитан
"Отходи к прошлой позиции, Шкипер.",Навигация назад,Капитан
"Ретрируйся к стартовой позиции, Шкипер.",Навигация назад,Капитан
"Шкипер, срочно отступай!",Навигация назад,Капитан
"Разворачивай к точке отправки, Кэп.",Навигация назад,Капитан
"Разворачивай к последней базе, Шкипер.",Навигация назад,Капитан
"Шкипер, направляйся к прошлой позиции.",Навигация назад,Капитан
"Шкипер, назад к предыдущему месту.",Навигация назад,Капитан
"Отходи к старой позиции, Кэп.",Навигация назад,Капитан
"Капитан, лезь обратно.",Навигация назад,Капитан
"Разворачивай к последнему месту, Капитан.",Навигация назад,Капитан
"Шкипер, лезь обратно к исходной остановке.",Навигация назад,Капитан
"Капитан, возвращайся к исходной локации.",Навигация назад,Капитан
"Капитан, угроза, отходи!",Навигация назад,Капитан
"Разворачивай к прошлой остановке, Кэп.",Навигация назад,Капитан
"Отходи к последнему порту, Капитан.",Навигация назад,Капитан
"Кэп, лезь обратно к исходнику.",Навигация назад,Капитан
"Кэп, лезь обратно к месту отплытия.",Навигация назад,Капитан
"Капитан, лезь обратно к исходной остановке.",Навигация назад,Капитан
"Отходи к начальной остановке, Шкипер.",Навигация назад,Капитан
"Капитан, миссия завершена, иди назад.",Навигация назад,Капитан
"Шкипер, иди к предыдущей остановке.",Навигация назад,Капитан
"Кэп, отступай к прошлой станции.",Навигация назад,Капитан
"Шкипер, срочно возвращайся на базу!",Навигация назад,Капитан
"Кэп, плыви к исходной локации.",Навигация назад,Капитан
"Шкипер, назад к месту отправления.",Навигация назад,Капитан
"Разворачивай к последнему порту, Капитан.",Навигация назад,Капитан
"Кэп, лезь обратно к прошлому порту.",Навигация назад,Капитан
"Лезь назад к старой базе, Капитан.",Навигация назад,Капитан
"Шкипер, лезь обратно к начальной локации.",Навигация назад,Капитан
"Шкипер, назад к точке выхода.",Навигация назад,Капитан
"Капитан, плыви к исходному порту.",Навигация назад,Капитан
"Кэп, возвращайся к начальной локации.",Навигация назад,Капитан
"Капитан, возвращайся к стартовой позиции.",Навигация назад,Капитан
"Кэп, ситуация изменилась, ретрируйся.",Навигация назад,Капитан
"Ретрируйся к старой точке, Капитан.",Навигация назад,Капитан
"Ретрируйся к начальной точке, Кэп.",Навигация назад,Капитан
"Ретрируйся к старой локации, Капитан.",Навигация назад,Капитан
"Отходи к предыдущему месту, Кэп.",Навигация назад,Капитан
"Отходи к старой станции, Кэп.",Навигация назад,Капитан
"Кэп, назад к предыдущей точке.",Навигация назад,Капитан
"Кэп, возвращайся к прошлой станции.",Навигация назад,Капитан
"Капитан, назад к последнему порту.",Навигация назад,Капитан
"Капитан, отходи к предыдущей точке.",Навигация назад,Капитан
"Отходи к предыдущей остановке, Капитан.",Навигация назад,Капитан
"Кэп, иди к предыдущей остановке.",Навигация назад,Капитан
"Капитан, срочно разворачивайся!",Навигация назад,Капитан
"Капитан, обстановка требует возврата, плыви обратно.",Навигация назад,Капитан
"Кэп, быстро отходи!",Навигация назад,Капитан
"Кэп, лезь к старой базе.",Навигация назад,Капитан
"Капитан, разворачивайся к базе.",Навигация назад,Капитан
"Разворачивай к прошлой базе, Кэп.",Навигация назад,Капитан
"Капитан, плыви к исходной локации.",Навигация назад,Капитан
"Шкипер, лезь обратно к предыдущему месту.",Навигация назад,Капитан
"Отходи к начальной остановке, Капитан.",Навигация назад,Капитан
"Капитан, лезь обратно к начальной локации.",Навигация назад,Капитан
"Кэп, лезь обратно к последней базе.",Навигация назад,Капитан
"Страж, возвращайся к стартовой позиции.",Навигация назад,Охранник
"Ретрируйся к начальной точке, Бодигард.",Навигация назад,Охранник
"Бодигард, возвращайся к начальной станции.",Навигация назад,Охранник
"Лезь назад к старой базе, Стражник.",Навигация назад,Охранник
"Стражник, лезь обратно.",Навигация назад,Охранник
"Страж, отступай к прошлой станции.",Навигация назад,Охранник
"Бодигард, вернись к точке отправления.",Навигация назад,Охранник
"Разворачивай к исходной точке, Охранник.",Навигация назад,Охранник
"Ретрируйся к исходной остановке, Стражник.",Навигация назад,Охранник
"Страж, отходи к предыдущей локации.",Навигация назад,Охранник
"Страж, назад к точке отбытия.",Навигация назад,Охранник
"Бодигард, вернись к месту выхода.",Навигация назад,Охранник
"Ретрируйся к последней локации, Страж.",Навигация назад,Охранник
"Охранник, направляйся к исходной точке.",Навигация назад,Охранник
"Страж, ретрируйся к точке выхода.",Навигация назад,Охранник
"Назад к последней базе, Охранник.",Навигация назад,Охранник
"Бодигард, лезь обратно к предыдущему месту.",Навигация назад,Охранник
"Страж, плыви к исходной локации.",Навигация назад,Охранник
"Стражник, миссия завершена, иди назад.",Навигация назад,Охранник
"Охранник, авария, разворачивайся!",Навигация назад,Охранник
"Стражник, возвращайся на базу.",Навигация назад,Охранник
"Разворачивай к точке выхода, Стражник.",Навигация назад,Охранник
"Стражник, отойди к старой локации.",Навигация назад,Охранник
"Бодигард, назад к месту отправления.",Навигация назад,Охранник
"Охранник, срочно возвращайся на базу!",Навигация назад,Охранник
"Охранник, возвращайся к прошлой станции.",Навигация назад,Охранник
"Бодигард, ретрируйся к начальной позиции.",Навигация назад,Охранник
"Ретрируйся к прошлой базе, Стражник.",Навигация назад,Охранник
"Отходи к предыдущей позиции, Бодигард.",Навигация назад,Охранник
"Ретрируйся к прошлой базе, Страж.",Навигация назад,Охранник
"Стражник, плыви к исходной локации.",Навигация назад,Охранник
"Ретрируйся к месту старта, Бодигард.",Навигация назад,Охранник
"Бодигард, лезь обратно к прошлой позиции.",Навигация назад,Охранник
"Стражник, лезь обратно к последней станции.",Навигация назад,Охранник
"Бодигард, проблемы, иди назад!",Навигация назад,Охранник
"Охранник, задание отменено, возвращайся.",Навигация назад,Охранник
"Нужно вернуться к точке отплытия, Страж.",Навигация назад,Охранник
"Стражник, направляйся к прошлому порту.",Навигация назад,Охранник
"Бодигард, возвращайся к старой базе.",Навигация назад,Охранник
"Бодигард, назад к последней позиции.",Навигация назад,Охранник
"Ретрируйся к последней точке, Страж.",Навигация назад,Охранник
"Стражник, назад к стартовой локации.",Навигация назад,Охранник
"Стражник, обстановка требует возврата, плыви обратно.",Навигация назад,Охранник
"Разворачивай к точке отправки, Страж.",Навигация назад,Охранник
"Страж, быстро отходи!",Навигация назад,Охранник
"Давай разворачивайся, Бодигард, к предыдущей станции.",Навигация назад,Охранник
"Бодигард, возвращайся к предыдущей базе.",Навигация назад,Охранник
"Охранник, обстановка ухудшилась, двигайся назад!",Навигация назад,Охранник
"Охранник, иди к предыдущей станции.",Навигация назад,Охранник
"Отходи к исходному месту, Стражник.",Навигация назад,Охранник
"Ретрируйся к исходной остановке, Страж.",Навигация назад,Охранник
"Охранник, возвращайся к исходной базе.",Навигация назад,Охранник
"Отходи к предыдущему порту, Стражник.",Навигация назад,Охранник
"Страж, направляйся к прошлому порту.",Навигация назад,Охранник
"Охранник, разворачивайся к базе.",Навигация назад,Охранник
"Охранник, назад к последней позиции.",Навигация назад,Охранник
"Охранник, плыви к исходному порту.",Навигация назад,Охранник
"Страж, срочно разворачивайся!",Навигация назад,Охранник
"Бодигард, давай обратный ход.",Навигация назад,Охранник
"Бодигард, лезь к старой базе.",Навигация назад,Охранник
"Стражник, давай обратный ход.",Навигация назад,Охранник
"Разворачивай к последней базе, Стражник.",Навигация назад,Охранник
"Отходи к предыдущей позиции, Стражник.",Навигация назад,Охранник
"Стражник, назад к предыдущему месту.",Навигация назад,Охранник
"Страж, плыви к исходному порту.",Навигация назад,Охранник
"Страж, возвращайся к начальной локации.",Навигация назад,Охранник
"Страж, назад к старой позиции.",Навигация назад,Охранник
"Страж, план скорректирован, возвращайся.",Навигация назад,Охранник
"Стражник, возвращайся к старой базе.",Навигация назад,Охранник
"Страж, возвращайся к месту старта.",Навигация назад,Охранник
"Стражник, назад к месту выхода.",Навигация назад,Охранник
"Отходи к точке отплытия, Страж.",Навигация назад,Охранник
"Бодигард, давай назад курс.",Навигация назад,Охранник
"Страж, ситуация изменилась, ретрируйся.",Навигация назад,Охранник
"Стражник, назад к точке отбытия.",Навигация назад,Охранник
"Стражник, отступай к прошлой станции.",Навигация назад,Охранник
"Ретрируйся к точке отплытия, Охранник.",Навигация назад,Охранник
"Страж, срочно возвращайся на базу!",Навигация назад,Охранник
"Бодигард, назад к предыдущей точке.",Навигация назад,Охранник
"Ретрируйся к стартовой позиции, Бодигард.",Навигация назад,Охранник
"Охранник, быстро отходи!",Навигация назад,Охранник
"Стражник, плыви назад.",Навигация назад,Охранник
"Назад к последней базе, Страж.",Навигация назад,Охранник
"Стражник, лезь обратно к прошлой позиции.",Навигация назад,Охранник
"Охранник, направляйся к прошлой базе.",Навигация назад,Охранник
"Бодигард, лезь обратно к прошлому месту.",Навигация назад,Охранник
"Бодигард, отойди к старой локации.",Навигация назад,Охранник
"Стражник, ситуация изменилась, ретрируйся.",Навигация назад,Охранник
"Стражник, возвращайся к стартовой станции.",Навигация назад,Охранник
"Страж, лезь обратно к последней базе.",Навигация назад,Охранник
"Разворачивай к последнему месту, Стражник.",Навигация назад,Охранник
"Ретрируйся к последней точке, Бодигард.",Навигация назад,Охранник
"Охранник, отойди к точке отплытия.",Навигация назад,Охранник
"Ретрируйся к стартовой позиции, Страж.",Навигация назад,Охранник
"Бодигард, назад к стартовой локации.",Навигация назад,Охранник
"Разворачивай к последней остановке, Охранник.",Навигация назад,Охранник
"Разворачивай к исходной позиции, Охранник.",Навигация назад,Охранник
"Ретрируйся к последней локации, Бодигард.",Навигация назад,Охранник
"Стражник, иди к предыдущей остановке.",Навигация назад,Охранник
"Ретрируйся к предыдущей остановке, Стражник.",Навигация назад,Охранник
"Доктор, разворачивай к исходнику.",Навигация назад,Медик
"Лекарь, лезь обратно к месту отплытия.",Навигация назад,Медик
"Разворачивай к начальной остановке, Лекарь.",Навигация назад,Медик
"Лекарь, немедленно плыви обратно!",Навигация назад,Медик
"Ретрируйся к стартовой позиции, Врач.",Навигация назад,Медик
"Доктор, иди к предыдущей станции.",Навигация назад,Медик
"Давай разворачивайся, Лекарь, к предыдущей станции.",Навигация назад,Медик
"Доктор, лезь обратно к прошлому порту.",Навигация назад,Медик
"Отходи к старой станции, Врач.",Навигация назад,Медик
"Доктор, иди к предыдущему месту.",Навигация назад,Медик
"Отходи к последней локации, Медик.",Навигация назад,Медик
"Ретрируйся к стартовой позиции, Лекарь.",Навигация назад,Медик
"Лекарь, назад к точке отбытия.",Навигация назад,Медик
"Медик, возвращайся к исходной локации.",Навигация назад,Медик
"Лекарь, лезь обратно к стартовой точке.",Навигация назад,Медик
"Медик, возвращайся к месту старта.",Навигация назад,Медик
"Лекарь, назад к точке выхода.",Навигация назад,Медик
"Лекарь, направляйся к исходной точке.",Навигация назад,Медик
"Медик, давай обратный ход.",Навигация назад,Медик
"Разворачивай к точке отправки, Медик.",Навигация назад,Медик
"Лекарь, иди к предыдущему месту.",Навигация назад,Медик
"Медик, лезь обратно к прошлой остановке.",Навигация назад,Медик
"Отходи к последней локации, Врач.",Навигация назад,Медик
"Медик, ретрируйся к начальной позиции.",Навигация назад,Медик
"Доктор, возвращайся к начальной станции.",Навигация назад,Медик
"Медик, отойди к старой локации.",Навигация назад,Медик
"Врач, отступай к прошлой станции.",Навигация назад,Медик
"Медик, обстановка требует возврата, плыви обратно.",Навигация назад,Медик
"Отходи к предыдущей позиции, Врач.",Навигация назад,Медик
"Доктор, требуется перегруппировка, двигайся назад.",Навигация назад,Медик
"Ретрируйся к старой точке, Врач.",Навигация назад,Медик
"Разворачивай к последнему месту, Лекарь.",Навигация назад,Медик
"Ретрируйся к исходному порту, Доктор.",Навигация назад,Медик
"Давай разворачивайся, Медик, к предыдущей станции.",Навигация назад,Медик
"Лекарь, вернись к месту выхода.",Навигация назад,Медик
"Врач, быстро двигайся назад!",Навигация назад,Медик
"Врач, вернись к последней базе.",Навигация назад,Медик
"Медик, лезь обратно к прошлому месту.",Навигация назад,Медик
"Медик, отходи к предыдущей точке.",Навигация назад,Медик
"Лекарь, возвращайся к прошлому порту.",Навигация назад,Медик
"Отходи к стартовому порту, Врач.",Навигация назад,Медик
"Доктор, обстановка ухудшилась, двигайся назад!",Навигация назад,Медик
"Доктор, опасность, возвращайся на базу!",Навигация назад,Медик
"Медик, отойди к начальной точке.",Навигация назад,Медик
"Назад к последней базе, Лекарь.",Навигация назад,Медик
"Лекарь, лезь обратно к начальному порту.",Навигация назад,Медик
"Медик, обстановка ухудшилась, двигайся назад!",Навигация назад,Медик
"Доктор, возвращайся к начальной локации.",Навигация назад,Медик
"Разворачивай к старой станции, Доктор.",Навигация назад,Медик
"Возвращайся к точке отправления, Медик.",Навигация назад,Медик
"Доктор, отойди к начальной точке.",Навигация назад,Медик
"Ретрируйся к начальной позиции, Врач.",Навигация назад,Медик
"Врач, лезь обратно к стартовой точке.",Навигация назад,Медик
"Отходи к начальной остановке, Лекарь.",Навигация назад,Медик
"Медик, возвращайся к прошлой станции.",Навигация назад,Медик
"Лекарь, возвращайся к начальному месту.",Навигация назад,Медик
"Отходи к предыдущей позиции, Лекарь.",Навигация назад,Медик
"Лекарь, иди к предыдущей остановке.",Навигация назад,Медик
"Лекарь, отступай к предыдущей позиции.",Навигация назад,Медик
"Врач, отойди к начальной точке.",Навигация назад,Медик
"Доктор, назад к предыдущему порту.",Навигация назад,Медик
"Отходи к старой станции, Лекарь.",Навигация назад,Медик
"Доктор, назад к точке выхода.",Навигация назад,Медик
"Отходи к предыдущему месту, Доктор.",Навигация назад,Медик
"Медик, миссия завершена, иди назад.",Навигация назад,Медик
"Лекарь, назад к старой позиции.",Навигация назад,Медик
"Разворачивай к предыдущей точке, Лекарь.",Навигация назад,Медик
"Ретрируйся к месту старта, Врач.",Навигация назад,Медик
"Разворачивай к начальной базе, Медик.",Навигация назад,Медик
"Разворачивай к предыдущей локации, Врач.",Навигация назад,Медик
"Врач, возвращайся к месту отплытия.",Навигация назад,Медик
"Доктор, отойди к старой локации.",Навигация назад,Медик
"Медик, плыви назад.",Навигация назад,Медик
"Нужно вернуться к точке отплытия, Медик.",Навигация назад,Медик
"Врач, отойди к точке отплытия.",Навигация назад,Медик
"Лекарь, отходи к предыдущей точке.",Навигация назад,Медик
"Медик, направляйся к прошлому порту.",Навигация назад,Медик
"Доктор, неполадки, ретрируйся!",Навигация назад,Медик
"Медик, лезь обратно к предыдущей базе.",Навигация назад,Медик
"Врач, разворачивайся к базе.",Навигация назад,Медик
"Доктор, угроза, отходи!",Навигация назад,Медик
"Ретрируйся к старой локации, Врач.",Навигация назад,Медик
"Медик, давай обратный ход к базе.",Навигация назад,Медик
"Лекарь, плыви к исходной базе.",Навигация назад,Медик
"Доктор, вернись к точке отправления.",Навигация назад,Медик
"Разворачивай к последнему порту, Медик.",Навигация назад,Медик
"Лекарь, лезь обратно к начальной локации.",Навигация назад,Медик
"Доктор, давай обратный ход.",Навигация назад,Медик
"Врач, назад к начальной базе.",Навигация назад,Медик
"Доктор, задание отменено, возвращайся.",Навигация назад,Медик
"Медик, назад к последней остановке.",Навигация назад,Медик
"Врач, возвращайся к месту старта.",Навигация назад,Медик
"Ретрируйся к старой точке, Медик.",Навигация назад,Медик
"Доктор, план скорректирован, возвращайся.",Навигация назад,Медик
"Доктор, срочно возвращайся на базу!",Навигация назад,Медик
"Врач, отходи к предыдущей точке.",Навигация назад,Медик
"Медик, ретрируйся к точке выхода.",Навигация назад,Медик
"Врач, возвращайся к прошлому порту.",Навигация назад,Медик
"Врач, назад к месту выхода.",Навигация назад,Медик
"Отходи к предыдущему месту, Лекарь.",Навигация назад,Медик
"Инженер, назад к исходной точке.",Навигация назад,Инженер
"Инженер, возвращайся к стартовой станции.",Навигация назад,Инженер
"Техник, плыви к исходной локации.",Навигация назад,Инженер
"Техник, иди к предыдущему месту.",Навигация назад,Инженер
"Возвращайся к точке отправления, Инженер.",Навигация назад,Инженер
"Инженер, возвращайся на базу.",Навигация назад,Инженер
"Отходи к последней локации, Инженер.",Навигация назад,Инженер
"Инженер, отойди к начальной точке.",Навигация назад,Инженер
"Инженер, отступай к предыдущей позиции.",Навигация назад,Инженер
"Техник, лезь обратно к прошлому месту.",Навигация назад,Инженер
"Разворачивай к предыдущей станции, Инженер.",Навигация назад,Инженер
"Инженер, назад к предыдущей точке.",Навигация назад,Инженер
"Разворачивай к последнему порту, Техник.",Навигация назад,Инженер
"Отходи к предыдущему порту, Инженер.",Навигация назад,Инженер
"Техник, возвращайся к прошлому порту.",Навигация назад,Инженер
"Инженер, обстановка ухудшилась, двигайся назад!",Навигация назад,Инженер
"Техник, возвращайся к исходной локации.",Навигация назад,Инженер
"Техник, плыви к исходному порту.",Навигация назад,Инженер
"Инженер, лезь обратно к прошлой позиции.",Навигация назад,Инженер
"Инженер, плыви к исходной локации.",Навигация назад,Инженер
"Отходи к прошлой позиции, Техник.",Навигация назад,Инженер
"Инженер, отойди к точке отплытия.",Навигация назад,Инженер
"Инженер, лезь обратно к прошлому порту.",Навигация назад,Инженер
"Разворачивай к старой станции, Техник.",Навигация назад,Инженер
"Техник, проблемы, иди назад!",Навигация назад,Инженер
"Инженер, быстро возвращайся!",Навигация назад,Инженер
"Разворачивай к последней остановке, Инженер.",Навигация назад,Инженер
"Ретрируйся к предыдущей остановке, Инженер.",Навигация назад,Инженер
"Отходи к исходному месту, Техник.",Навигация назад,Инженер
"Ретрируйся к последней локации, Техник.",Навигация назад,Инженер
"Инженер, назад к последней позиции.",Навигация назад,Инженер
"Инженер, отходи к предыдущей точке.",Навигация назад,Инженер
"Давай разворачивайся, Техник, к предыдущей станции.",Навигация назад,Инженер
"Техник, назад к точке отбытия.",Навигация назад,Инженер
"Техник, назад к исходной станции.",Навигация назад,Инженер
"Ретрируйся к точке отправки, Инженер.",Навигация назад,Инженер
"Техник, иди к предыдущей остановке.",Навигация назад,Инженер
"Ретрируйся к начальной позиции, Техник.",Навигация назад,Инженер
"Инженер, назад к предыдущему порту.",Навигация назад,Инженер
"Инженер, лезь обратно.",Навигация назад,Инженер
"Инженер, возвращайся к прошлой станции.",Навигация назад,Инженер
"Ретрируйся к старой локации, Техник.",Навигация назад,Инженер
"Инженер, задание отменено, возвращайся.",Навигация назад,Инженер
"Разворачивай к предыдущей станции, Техник.",Навигация назад,Инженер
"Инженер, быстро отходи!",Навигация назад,Инженер
"Техник, обстановка ухудшилась, двигайся назад!",Навигация назад,Инженер
"Инженер, повреждения, отступай!",Навигация назад,Инженер
"Техник, назад к старой позиции.",Навигация назад,Инженер
"Техник, лезь обратно к исходному месту.",Навигация назад,Инженер
"Техник, возвращайся на базу.",Навигация назад,Инженер
"Отходи к точке выхода, Техник.",Навигация назад,Инженер
"Техник, вернись к месту выхода.",Навигация назад,Инженер
"Техник, отойди к старой локации.",Навигация назад,Инженер
"Техник, возвращайся к стартовой позиции.",Навигация назад,Инженер
"Инженер, разворачивайся к базе.",Навигация назад,Инженер
"Техник, требуется перегруппировка, двигайся назад.",Навигация назад,Инженер
"Инженер, лезь обратно к стартовой точке.",Навигация назад,Инженер
"Отходи к исходной позиции, Инженер.",Навигация назад,Инженер
"Инженер, назад к точке отправления.",Навигация назад,Инженер
"Техник, возвращайся к месту старта.",Навигация назад,Инженер
"Техник, вернись к последней базе.",Навигация назад,Инженер
"Инженер, ретрируйся к начальной позиции.",Навигация назад,Инженер
"Техник, разворачивай к исходнику.",Навигация назад,Инженер
"Отходи к предыдущей позиции, Техник.",Навигация назад,Инженер
"Назад к последней базе, Инженер.",Навигация назад,Инженер
"Техник, отступай к прошлой станции.",Навигация назад,Инженер
"Инженер, новые указания, разворачивайся.",Навигация назад,Инженер
"Техник, отходи к предыдущей локации.",Навигация назад,Инженер
"Техник, давай обратный ход к базе.",Навигация назад,Инженер
"Ретрируйся к прошлой точке, Инженер.",Навигация назад,Инженер
"Разворачивай к последней базе, Техник.",Навигация назад,Инженер
"Техник, быстро двигайся назад!",Навигация назад,Инженер
"Отходи к предыдущей остановке, Техник.",Навигация назад,Инженер
"Инженер, возвращайся к старому порту.",Навигация назад,Инженер
"Разворачивай к последнему порту, Инженер.",Навигация назад,Инженер
"Техник, лезь обратно к исходной остановке.",Навигация назад,Инженер
"Инженер, немедленно иди назад!",Навигация назад,Инженер
"Техник, назад к последней остановке.",Навигация назад,Инженер
"Техник, лезь обратно к последней базе.",Навигация назад,Инженер
"Техник, возвращайся к точке отбытия.",Навигация назад,Инженер
"Отходи к исходной позиции, Техник.",Навигация назад,Инженер
"Разворачивай к предыдущей локации, Техник.",Навигация назад,Инженер
"Техник, назад к точке отправления.",Навигация назад,Инженер
"Техник, лезь обратно к прошлому порту.",Навигация назад,Инженер
"Техник, направляйся к исходной точке.",Навигация назад,Инженер
"Инженер, возвращайся к начальной точке.",Навигация назад,Инженер
"Техник, угроза, отходи!",Навигация назад,Инженер
"Инженер, назад к предыдущему месту.",Навигация назад,Инженер
"Техник, ретрируйся к точке выхода.",Навигация назад,Инженер
"Инженер, срочно разворачивайся!",Навигация назад,Инженер
"Техник, назад к месту выхода.",Навигация назад,Инженер
"Техник, лезь обратно к начальной локации.",Навигация назад,Инженер
"Разворачивай к прошлому порту, Техник.",Навигация назад,Инженер
"Техник, лезь обратно к стартовой точке.",Навигация назад,Инженер
"Техник, приказ изменён, отходи.",Навигация назад,Инженер
"Инженер, давай назад курс.",Навигация назад,Инженер
"Ретрируйся к стартовой точке, Инженер.",Навигация назад,Инженер
"Техник, лезь обратно к прошлой остановке.",Навигация назад,Инженер
"Техник, отойди к точке отплытия.",Навигация назад,Инженер
"Отходи к последнему порту, Инженер.",Навигация назад,Инженер
"Слесарь, новые указания, разворачивайся.",Навигация назад,Механик
"Разворачивай к прошлому порту, Слесарь.",Навигация назад,Механик
"Механик, назад к предыдущему порту.",Навигация назад,Механик
"Слесарь, назад к предыдущему порту.",Навигация назад,Механик
"Слесарь, лезь обратно к прошлой позиции.",Навигация назад,Механик
"Отходи к стартовому порту, Слесарь.",Навигация назад,Механик
"Механик, давай обратный ход к базе.",Навигация назад,Механик
"Ретрируйся к месту старта, Механик.",Навигация назад,Механик
"Слесарь, назад к точке отправления.",Навигация назад,Механик
"Ретрируйся к месту выхода, Ремонтник.",Навигация назад,Механик
"Ретрируйся к старой локации, Ремонтник.",Навигация назад,Механик
"Разворачивай к прошлой остановке, Слесарь.",Навигация назад,Механик
"Слесарь, обстановка ухудшилась, двигайся назад!",Навигация назад,Механик
"Слесарь, лезь обратно к прошлому порту.",Навигация назад,Механик
"Разворачивай к начальной базе, Слесарь.",Навигация назад,Механик
"Ремонтник, возвращайся к месту старта.",Навигация назад,Механик
"Ремонтник, возвращайся к исходной локации.",Навигация назад,Механик
"Разворачивай к последней остановке, Ремонтник.",Навигация назад,Механик
"Отходи к предыдущему месту, Механик.",Навигация назад,Механик
"Механик, направляйся к исходной точке.",Навигация назад,Механик
"Механик, немедленно иди назад!",Навигация назад,Механик
"Ремонтник, приказ изменён, отходи.",Навигация назад,Механик
"Ремонтник, ситуация изменилась, ретрируйся.",Навигация назад,Механик
"Отходи к исходному месту, Механик.",Навигация назад,Механик
"Механик, возвращайся к начальному месту.",Навигация назад,Механик
"Слесарь, иди к предыдущей остановке.",Навигация назад,Механик
"Ремонтник, лезь обратно к исходной остановке.",Навигация назад,Механик
"Отходи к начальной остановке, Ремонтник.",Навигация назад,Механик
"Ремонтник, давай назад курс.",Навигация назад,Механик
"Ремонтник, лезь обратно к стартовой точке.",Навигация назад,Механик
"Слесарь, лезь к старой базе.",Навигация назад,Механик
"Механик, авария, разворачивайся!",Навигация назад,Механик
"Ретрируйся к последней точке, Механик.",Навигация назад,Механик
"Отходи к старой станции, Механик.",Навигация назад,Механик
"Слесарь, сбой, возвращайся!",Навигация назад,Механик
"Ремонтник, возвращайся к точке отбытия.",Навигация назад,Механик
"Механик, иди к предыдущему месту.",Навигация назад,Механик
"Ретрируйся к старой точке, Слесарь.",Навигация назад,Механик
"Ремонтник, вернись к последней базе.",Навигация назад,Механик
"Механик, возвращайся к старому порту.",Навигация назад,Механик
"Ремонтник, возвращайся к начальной станции.",Навигация назад,Механик
"Слесарь, двигайся обратно.",Навигация назад,Механик
"Назад к последней базе, Ремонтник.",Навигация назад,Механик
"Слесарь, угроза, отходи!",Навигация назад,Механик
"Разворачивай к старой станции, Механик.",Навигация назад,Механик
"Отходи к начальной остановке, Механик.",Навигация назад,Механик
"Механик, возвращайся к точке отбытия.",Навигация назад,Механик
"Отходи к исходному месту, Ремонтник.",Навигация назад,Механик
"Ремонтник, возвращайся к прошлой станции.",Навигация назад,Механик
"Механик, возвращайся к месту отплытия.",Навигация назад,Механик
"Механик, разворачивайся к базе.",Навигация назад,Механик
"Ремонтник, возвращайся к предыдущей базе.",Навигация назад,Механик
"Ремонтник, иди назад.",Навигация назад,Механик
"Механик, иди к предыдущей станции.",Навигация назад,Механик
"Слесарь, требуется перегруппировка, двигайся назад.",Навигация назад,Механик
"Ремонтник, возвращайся к старому порту.",Навигация назад,Механик
"Отходи к точке выхода, Слесарь.",Навигация назад,Механик
"Механик, возвращайся к прошлому порту.",Навигация назад,Механик
"Ретрируйся к месту старта, Ремонтник.",Навигация назад,Механик
"Ремонтник, лезь обратно к предыдущему месту.",Навигация назад,Механик
"Разворачивай к последнему порту, Механик.",Навигация назад,Механик
"Разворачивай к исходной позиции, Механик.",Навигация назад,Механик
"Отходи к последней локации, Ремонтник.",Навигация назад,Механик
"Слесарь, приказ изменён, отходи.",Навигация назад,Механик
"Нужно вернуться к точке отплытия, Ремонтник.",Навигация назад,Механик
"Слесарь, назад к точке выхода.",Навигация назад,Механик
"Ретрируйся к исходной остановке, Механик.",Навигация назад,Механик
"Ретрируйся к прошлой базе, Слесарь.",Навигация назад,Механик
"Отходи к исходному месту, Слесарь.",Навигация назад,Механик
"Ремонтник, лезь обратно к прошлой локации.",Навигация назад,Механик
"Ремонтник, отойди к старой локации.",Навигация назад,Механик
"Слесарь, срочно возвращайся на базу!",Навигация назад,Механик
"Ретрируйся к стартовой позиции, Слесарь.",Навигация назад,Механик
"Ретрируйся к месту старта, Слесарь.",Навигация назад,Механик
"Лезь назад к старой базе, Механик.",Навигация назад,Механик
"Механик, срочно разворачивайся!",Навигация назад,Механик
"Ремонтник, назад к начальной базе.",Навигация назад,Механик
"Ретрируйся к старой локации, Слесарь.",Навигация назад,Механик
"Механик, приказ изменён, отходи.",Навигация назад,Механик
"Слесарь, давай обратный ход к базе.",Навигация назад,Механик
"Слесарь, вернись к точке отправления.",Навигация назад,Механик
"Разворачивай к прошлому порту, Ремонтник.",Навигация назад,Механик
"Ретрируйся к прошлой точке, Слесарь.",Навигация назад,Механик
"Разворачивай к предыдущей точке, Ремонтник.",Навигация назад,Механик
"Ремонтник, лезь обратно.",Навигация назад,Механик
"Ремонтник, лезь обратно к последней базе.",Навигация назад,Механик
"Отходи к предыдущему месту, Ремонтник.",Навигация назад,Механик
"Ретрируйся к точке отправки, Механик.",Навигация назад,Механик
"Разворачивай к исходной точке, Слесарь.",Навигация назад,Механик
"Механик, лезь обратно.",Навигация назад,Механик
"Ремонтник, новые указания, разворачивайся.",Навигация назад,Механик
"Отходи к предыдущему порту, Механик.",Навигация назад,Механик
"Механик, возвращайся к месту старта.",Навигация назад,Механик
"Слесарь, лезь обратно к последней станции.",Навигация назад,Механик
"Ремонтник, давай обратный ход.",Навигация назад,Механик
"Разворачивай к предыдущей станции, Слесарь.",Навигация назад,Механик
"Механик, обстановка ухудшилась, двигайся назад!",Навигация назад,Механик
"Механик, отходи к предыдущей точке.",Навигация назад,Механик
"Механик, быстро двигайся назад!",Навигация назад,Механик
"Механик, отойди к старой локации.",Навигация назад,Механик
"Коллега, двигайся обратно.",Навигация назад,Помощник
"Отходи к стартовому порту, Юнга.",Навигация назад,Помощник
"Отходи к точке отплытия, Новичок.",Навигация назад,Помощник
"Юнга, возвращайся к исходному порту.",Навигация назад,Помощник
"Отходи к предыдущему порту, Новичок.",Навигация назад,Помощник
"Разворачивай к предыдущей станции, Новичок.",Навигация назад,Помощник
"Новичок, лезь обратно к последней станции.",Навигация назад,Помощник
"Ретрируйся к последней локации, Юнга.",Навигация назад,Помощник
"Коллега, неполадки, ретрируйся!",Навигация назад,Помощник
"Помощник, возвращайся к месту старта.",Навигация назад,Помощник
"Коллега, возвращайся к прошлому порту.",Навигация назад,Помощник
"Коллега, направляйся к прошлой базе.",Навигация назад,Помощник
"Коллега, быстро возвращайся!",Навигация назад,Помощник
"Коллега, иди к предыдущей станции.",Навигация назад,Помощник
"Новичок, возвращайся к месту старта.",Навигация назад,Помощник
"Новичок, назад к исходной станции.",Навигация назад,Помощник
"Юнга, назад к исходной точке.",Навигация назад,Помощник
"Коллега, назад к старой позиции.",Навигация назад,Помощник
"Коллега, план скорректирован, возвращайся.",Навигация назад,Помощник
"Новичок, назад к месту отправления.",Навигация назад,Помощник
"Разворачивай к исходной позиции, Коллега.",Навигация назад,Помощник
"Коллега, отойди к старой локации.",Навигация назад,Помощник
"Юнга, возвращайся к последнему месту.",Навигация назад,Помощник
"Ретрируйся к исходному порту, Помощник.",Навигация назад,Помощник
"Новичок, отходи к предыдущей точке.",Навигация назад,Помощник
"Юнга, назад к последней остановке.",Навигация назад,Помощник
"Юнга, направляйся к прошлому порту.",Навигация назад,Помощник
"Назад к последней базе, Юнга.",Навигация назад,Помощник
"Коллега, возвращайся к месту старта.",Навигация назад,Помощник
"Отходи к исходной позиции, Новичок.",Навигация назад,Помощник
"Разворачивай к старой станции, Помощник.",Навигация назад,Помощник
"Коллега, срочно возвращайся на базу!",Навигация назад,Помощник
"Юнга, сбой, возвращайся!",Навигация назад,Помощник
"Новичок, ситуация изменилась, ретрируйся.",Навигация назад,Помощник
"Новичок, лезь обратно к исходному месту.",Навигация назад,Помощник
"Помощник, лезь обратно к прошлой позиции.",Навигация назад,Помощник
"Помощник, план скорректирован, возвращайся.",Навигация назад,Помощник
"Новичок, авария, разворачивайся!",Навигация назад,Помощник
"Юнга, иди назад.",Навигация назад,Помощник
"Новичок, иди к предыдущей станции.",Навигация назад,Помощник
"Помощник, назад к месту отправления.",Навигация назад,Помощник
"Ретрируйся к последней точке, Коллега.",Навигация назад,Помощник
"Новичок, возвращайся к старому порту.",Навигация назад,Помощник
"Помощник, лезь обратно к последней базе.",Навигация назад,Помощник
"Ретрируйся к начальной позиции, Помощник.",Навигация назад,Помощник
"Юнга, требуется перегруппировка, двигайся назад.",Навигация назад,Помощник
"Помощник, лезь обратно к прошлому месту.",Навигация назад,Помощник
"Коллега, отойди к начальной точке.",Навигация назад,Помощник
"Юнга, возвращайся к прошлой станции.",Навигация назад,Помощник
"Коллега, срочно разворачивайся!",Навигация назад,Помощник
"Ретрируйся к предыдущей остановке, Юнга.",Навигация назад,Помощник
"Юнга, неполадки, ретрируйся!",Навигация назад,Помощник
"Ретрируйся к начальной точке, Новичок.",Навигация назад,Помощник
"Помощник, возвращайся к начальной локации.",Навигация назад,Помощник
"Отходи к предыдущей позиции, Юнга.",Навигация назад,Помощник
"Юнга, давай обратный ход к базе.",Навигация назад,Помощник
"Отходи к прошлой локации, Коллега.",Навигация назад,Помощник
"Назад к последней базе, Новичок.",Навигация назад,Помощник
"Ретрируйся к исходному порту, Новичок.",Навигация назад,Помощник
"Юнга, вернись к точке отправления.",Навигация назад,Помощник
"Разворачивай к исходной позиции, Новичок.",Навигация назад,Помощник
"Новичок, возвращайся к стартовой позиции.",Навигация назад,Помощник
"Коллега, назад к точке отправления.",Навигация назад,Помощник
"Новичок, направляйся к прошлой позиции.",Навигация назад,Помощник
"Юнга, назад к точке отбытия.",Навигация назад,Помощник
"Помощник, вернись к точке отправления.",Навигация назад,Помощник
"Отходи к старой станции, Новичок.",Навигация назад,Помощник
"Юнга, обстановка ухудшилась, двигайся назад!",Навигация назад,Помощник
"Новичок, направляйся к прошлому порту.",Навигация назад,Помощник
"Помощник, возвращайся к месту отплытия.",Навигация назад,Помощник
"Коллега, получен новый приказ, отступай.",Навигация назад,Помощник
"Коллега, лезь обратно к прошлому порту.",Навигация назад,Помощник
"Новичок, требуется перегруппировка, двигайся назад.",Навигация назад,Помощник
"Юнга, двигайся обратно.",Навигация назад,Помощник
"Разворачивай к прошлому порту, Юнга.",Навигация назад,Помощник
"Новичок, лезь обратно к исходной остановке.",Навигация назад,Помощник
"Помощник, плыви к исходному порту.",Навигация назад,Помощник
"Коллега, лезь обратно к предыдущей базе.",Навигация назад,Помощник
"Юнга, срочно отступай!",Навигация назад,Помощник
"Ретрируйся к прошлой точке, Юнга.",Навигация назад,Помощник
"Ретрируйся к предыдущей остановке, Новичок.",Навигация назад,Помощник
"Помощник, быстро возвращайся!",Навигация назад,Помощник
"Отходи к точке выхода, Новичок.",Навигация назад,Помощник
"Коллега, обстановка требует возврата, плыви обратно.",Навигация назад,Помощник
"Нужно вернуться к точке отплытия, Новичок.",Навигация назад,Помощник
"Отходи к старой станции, Юнга.",Навигация назад,Помощник
"Разворачивай к прошлой базе, Коллега.",Навигация назад,Помощник
"Отходи к старой станции, Коллега.",Навигация назад,Помощник
"Помощник, ситуация изменилась, ретрируйся.",Навигация назад,Помощник
"Отходи к старой станции, Помощник.",Навигация назад,Помощник
"Отходи к последней локации, Новичок.",Навигация назад,Помощник
"Новичок, назад к последней позиции.",Навигация назад,Помощник
"Ретрируйся к точке отправки, Помощник.",Навигация назад,Помощник
"Новичок, план скорректирован, возвращайся.",Навигация назад,Помощник
"Коллега, назад к месту отправления.",Навигация назад,Помощник
"Коллега, разворачивайся к базе.",Навигация назад,Помощник
"Помощник, возвращайся к стартовой станции.",Навигация назад,Помощник
"Новичок, возвращайся к начальной станции.",Навигация назад,Помощник
"Юнга, быстро отходи!",Навигация назад,Помощник
"Отходи к исходному месту, Юнга.",Навигация назад,Помощник
"Разворачивай к последнему порту, экипаж.",Навигация назад,all
"Разворачивай к предыдущей локации, все.",Навигация назад,all
"экипаж, назад к месту отправления.",Навигация назад,all
"все, назад к предыдущему месту.",Навигация назад,all
"команда, возвращайся к стартовой позиции.",Навигация назад,all
"Ретрируйся к предыдущей остановке, экипаж.",Навигация назад,all
"Разворачивай к исходной точке, команда.",Навигация назад,all
"Ретрируйся к месту старта, боты.",Навигация назад,all
"Ретрируйся к предыдущей остановке, боты.",Навигация назад,all
"Ретрируйся к месту выхода, команда.",Навигация назад,all
"Отходи к стартовому порту, команда.",Навигация назад,all
"экипаж, вернись к точке отправления.",Навигация назад,all
"экипаж, быстро двигайся назад!",Навигация назад,all
"Разворачивай к прошлой остановке, все.",Навигация назад,all
"Ретрируйся к старой точке, все.",Навигация назад,all
"все, назад к исходной станции.",Навигация назад,all
"все, отходи к предыдущей локации.",Навигация назад,all
"боты, возвращайся к исходной базе.",Навигация назад,all
"экипаж, назад к точке отправления.",Навигация назад,all
"Ретрируйся к исходной остановке, все.",Навигация назад,all
"боты, возвращайся к последнему месту.",Навигация назад,all
"Ретрируйся к прошлой базе, команда.",Навигация назад,all
"боты, авария, разворачивайся!",Навигация назад,all
"Возвращайся к точке отправления, команда.",Навигация назад,all
"боты, обстановка требует возврата, плыви обратно.",Навигация назад,all
"команда, вернись к месту выхода.",Навигация назад,all
"команда, плыви к исходной базе.",Навигация назад,all
"все, лезь к старой базе.",Навигация назад,all
"Разворачивай к последней базе, экипаж.",Навигация назад,all
"Ретрируйся к месту выхода, экипаж.",Навигация назад,all
"Отходи к стартовому порту, боты.",Навигация назад,all
"все, возвращайся к последнему месту.",Навигация назад,all
"Отходи к прошлой локации, боты.",Навигация назад,all
"Отходи к последней локации, боты.",Навигация назад,all
"Отходи к старой позиции, все.",Навигация назад,all
"Разворачивай к предыдущей локации, экипаж.",Навигация назад,all
"Разворачивай к последней остановке, все.",Навигация назад,all
"боты, обстановка ухудшилась, двигайся назад!",Навигация назад,all
"Отходи к старой станции, все.",Навигация назад,all
"все, повреждения, отступай!",Навигация назад,all
"все, назад к предыдущему порту.",Навигация назад,all
"боты, вернись к точке отправления.",Навигация назад,all
"Ретрируйся к стартовой позиции, команда.",Навигация назад,all
"команда, угроза, отходи!",Навигация назад,all
"Ретрируйся к месту выхода, боты.",Навигация назад,all
"экипаж, срочно возвращайся на базу!",Навигация назад,all
"Ретрируйся к стартовой точке, все.",Навигация назад,all
"все, вернись к последней базе.",Навигация назад,all
"команда, сбой, возвращайся!",Навигация назад,all
"боты, возвращайся к точке отбытия.",Навигация назад,all
"команда, плыви к исходному порту.",Навигация назад,all
"все, лезь обратно к исходнику.",Навигация назад,all
"боты, назад к предыдущей точке.",Навигация назад,all
"Отходи к предыдущей остановке, команда.",Навигация назад,all
"все, иди к предыдущему месту.",Навигация назад,all
"команда, разворачивайся к базе.",Навигация назад,all
"экипаж, давай назад курс.",Навигация назад,all
"боты, атака, плыви обратно!",Навигация назад,all
"Отходи к предыдущему месту, боты.",Навигация назад,all
"все, возвращайся к исходной базе.",Навигация назад,all
"Отходи к прошлой позиции, команда.",Навигация назад,all
"все, лезь обратно к прошлой остановке.",Навигация назад,all
"Отходи к старой позиции, экипаж.",Навигация назад,all
"экипаж, возвращайся к месту отплытия.",Навигация назад,all
"команда, назад к последнему порту.",Навигация назад,all
"экипаж, назад к последней остановке.",Навигация назад,all
"Нужно вернуться к точке отплытия, команда.",Навигация назад,all
"Разворачивай к старой станции, команда.",Навигация назад,all
"команда, быстро возвращайся!",Навигация назад,all
"Отходи к старой позиции, боты.",Навигация назад,all
"команда, ретрируйся к точке выхода.",Навигация назад,all
"боты, назад к точке отправления.",Навигация назад,all
"экипаж, опасность, возвращайся на базу!",Навигация назад,all
"Ретрируйся к точке отплытия, боты.",Навигация назад,all
"команда, план скорректирован, возвращайся.",Навигация назад,all
"Разворачивай к точке выхода, экипаж.",Навигация назад,all
"команда, лезь к старой базе.",Навигация назад,all
"команда, возвращайся к начальной точке.",Навигация назад,all
"команда, немедленно плыви обратно!",Навигация назад,all
"команда, лезь обратно к прошлому месту.",Навигация назад,all
"экипаж, двигайся обратно.",Навигация назад,all
"экипаж, ситуация изменилась, ретрируйся.",Навигация назад,all
"Разворачивай к предыдущей точке, боты.",Навигация назад,all
"Ретрируйся к старой локации, боты.",Навигация назад,all
"боты, лезь обратно к исходной остановке.",Навигация назад,all
"команда, немедленно ретрируйся!",Навигация назад,all
"все, двигайся обратно.",Навигация назад,all
"команда, возвращайся к прошлой станции.",Навигация назад,all
"боты, немедленно плыви обратно!",Навигация назад,all
"команда, возвращайся к исходному порту.",Навигация назад,all
"боты, возвращайся к месту отплытия.",Навигация назад,all
"боты, отходи к предыдущей точке.",Навигация назад,all
"боты, неполадки, ретрируйся!",Навигация назад,all
"команда, лезь обратно к последней базе.",Навигация назад,all
"боты, возвращайся к начальному месту.",Навигация назад,all
"команда, назад к последней остановке.",Навигация назад,all
"Ретрируйся к начальной точке, экипаж.",Навигация назад,all
"экипаж, отойди к начальной точке.",Навигация назад,all
"команда, отходи к предыдущей локации.",Навигация назад,all
"все, разворачивай к исходнику.",Навигация назад,all
"ближайший, иди назад.",Навигация назад,near
"Разворачивай к начальной базе, кто здесь.",Навигация назад,near
"кто здесь, назад к последней позиции.",Навигация назад,near
"кто здесь, двигайся обратно.",Навигация назад,near
"ближний, плыви к исходному порту.",Навигация назад,near
"кто здесь, возвращайся к стартовой станции.",Навигация назад,near
"кто близко, иди к предыдущей станции.",Навигация назад,near
"ближайший, разворачивай к исходнику.",Навигация назад,near
"Ретрируйся к начальной позиции, кто здесь.",Навигация назад,near
"Ретрируйся к месту выхода, ближний.",Навигация назад,near
"кто рядом, назад к точке выхода.",Навигация назад,near
"ближний, назад к последней остановке.",Навигация назад,near
"кто здесь, плыви к исходной локации.",Навигация назад,near
"кто здесь, повреждения, отступай!",Навигация назад,near
"кто близко, возвращайся к исходной локации.",Навигация назад,near
"кто близко, отступай к прошлой станции.",Навигация назад,near
"кто здесь, опасность, возвращайся на базу!",Навигация назад,near
"Ретрируйся к исходной остановке, ближний.",Навигация назад,near
"кто рядом, лезь обратно к начальной локации.",Навигация назад,near
"кто рядом, плыви к исходному порту.",Навигация назад,near
"эй ты, требуется перегруппировка, двигайся назад.",Навигация назад,near
"ближний, требуется перегруппировка, двигайся назад.",Навигация назад,near
"ближний, возвращайся к старому порту.",Навигация назад,near
"эй ты, назад к предыдущему месту.",Навигация назад,near
"Разворачивай к последней базе, ближний.",Навигация назад,near
"ближний, миссия завершена, иди назад.",Навигация назад,near
"кто здесь, разворачивай к исходнику.",Навигация назад,near
"Ретрируйся к старой точке, ближний.",Навигация назад,near
"эй ты, лезь обратно к прошлому порту.",Навигация назад,near
"кто рядом, угроза, отходи!",Навигация назад,near
"кто здесь, лезь обратно к стартовой точке.",Навигация назад,near
"ближний, опасность, возвращайся на базу!",Навигация назад,near
"Разворачивай к последней базе, ближайший.",Навигация назад,near
"кто здесь, направляйся к исходной точке.",Навигация назад,near
"Ретрируйся к старой локации, кто близко.",Навигация назад,near
"кто здесь, лезь обратно к месту отплытия.",Навигация назад,near
"Отходи к последнему порту, ближний.",Навигация назад,near
"кто здесь, возвращайся к прошлому порту.",Навигация назад,near
"Отходи к предыдущему месту, эй ты.",Навигация назад,near
"кто рядом, отходи к предыдущей точке.",Навигация назад,near
"Разворачивай к исходной точке, эй ты.",Навигация назад,near
"Ретрируйся к точке отправки, кто здесь.",Навигация назад,near
"кто здесь, отойди к старой локации.",Навигация назад,near
"Отходи к старой позиции, кто рядом.",Навигация назад,near
"эй ты, план скорректирован, возвращайся.",Навигация назад,near
"кто близко, опасность, возвращайся на базу!",Навигация назад,near
"кто здесь, назад к предыдущему месту.",Навигация назад,near
"Разворачивай к предыдущей станции, ближний.",Навигация назад,near
"Отходи к последней локации, кто рядом.",Навигация назад,near
"кто здесь, отойди к точке отплытия.",Навигация назад,near
"кто рядом, возвращайся к исходной локации.",Навигация назад,near
"Отходи к точке отплытия, кто здесь.",Навигация назад,near
"эй ты, возвращайся к исходной локации.",Навигация назад,near
"ближний, назад к точке выхода.",Навигация назад,near
"ближний, лезь обратно к прошлой локации.",Навигация назад,near
"эй ты, возвращайся к прошлой станции.",Навигация назад,near
"ближайший, обстановка ухудшилась, двигайся назад!",Навигация назад,near
"Отходи к старой станции, ближний.",Навигация назад,near
"Разворачивай к начальной остановке, кто близко.",Навигация назад,near
"кто рядом, направляйся к исходной точке.",Навигация назад,near
"Разворачивай к начальной остановке, кто рядом.",Навигация назад,near
"Отходи к стартовому порту, кто близко.",Навигация назад,near
"Ретрируйся к последней локации, ближайший.",Навигация назад,near
"ближайший, иди к предыдущему месту.",Навигация назад,near
"Ретрируйся к прошлой точке, кто рядом.",Навигация назад,near
"ближайший, назад к последней остановке.",Навигация назад,near
"кто близко, получен новый приказ, отступай.",Навигация назад,near
"Отходи к предыдущей остановке, ближний.",Навигация назад,near
"ближний, возвращайся к начальному месту.",Навигация назад,near
"кто близко, плыви к исходной локации.",Навигация назад,near
"кто рядом, срочно разворачивайся!",Навигация назад,near
"ближайший, возвращайся к прошлой станции.",Навигация назад,near
"кто здесь, лезь обратно к начальному порту.",Навигация назад,near
"эй ты, задание отменено, возвращайся.",Навигация назад,near
"ближний, быстро отходи!",Навигация назад,near
"Отходи к стартовому порту, ближний.",Навигация назад,near
"ближний, лезь обратно к прошлой остановке.",Навигация назад,near
"Отходи к предыдущему порту, кто здесь.",Навигация назад,near
"ближний, разворачивайся к базе.",Навигация назад,near
"Ретрируйся к прошлой базе, ближний.",Навигация назад,near
"кто здесь, лезь обратно к исходнику.",Навигация назад,near
"кто здесь, возвращайся к начальной точке.",Навигация назад,near
"кто здесь, разворачивайся к базе.",Навигация назад,near
"Разворачивай к исходной позиции, ближайший.",Навигация назад,near
"кто рядом, давай обратный ход к базе.",Навигация назад,near
"ближайший, лезь обратно к прошлой локации.",Навигация назад,near
"Ретрируйся к исходной остановке, кто здесь.",Навигация назад,near
"Отходи к исходной позиции, эй ты.",Навигация назад,near
"Нужно вернуться к точке отплытия, ближний.",Навигация назад,near
"Разворачивай к последнему месту, кто здесь.",Навигация назад,near
"эй ты, вернись к точке отправления.",Навигация назад,near
"кто рядом, возвращайся к последнему месту.",Навигация назад,near
"кто рядом, плыви к исходной локации.",Навигация назад,near
"кто близко, назад к исходной станции.",Навигация назад,near
"эй ты, быстро отходи!",Навигация назад,near
"кто здесь, лезь к старой базе.",Навигация назад,near
"Ретрируйся к исходной остановке, ближайший.",Навигация назад,near
"Ретрируйся к старой локации, кто рядом.",Навигация назад,near
"Разворачивай к начальной базе, кто близко.",Навигация назад,near
"ближайший, плыви к исходному порту.",Навигация назад,near
"Шкипер, курс на целевой объект.",Навигация к пункту назначения,Капитан
"Направляйся к пункту назначения, Капитан.",Навигация к пункту назначения,Капитан
"Следуй к указанной станции, Капитан.",Навигация к пункту назначения,Капитан
"Капитан, направляй к локации.",Навигация к пункту назначения,Капитан
"Шкипер, плыви к заданной зоне.",Навигация к пункту назначения,Капитан
"Двигайся к заданной точке, Шкипер.",Навигация к пункту назначения,Капитан
"Капитан, направляйся к целевой базе.",Навигация к пункту назначения,Капитан
"Шкипер, направляйся к пункту назначения.",Навигация к пункту назначения,Капитан
"Шкипер, направляйся к назначенной базе.",Навигация к пункту назначения,Капитан
"Капитан, веди к точке встречи.",Навигация к пункту назначения,Капитан
"Кэп, направляйся к пункту назначения.",Навигация к пункту назначения,Капитан
"Направляйся к следующей цели, Шкипер.",Навигация к пункту назначения,Капитан
"Шкипер, срочно следуй к станции!",Навигация к пункту назначения,Капитан
"Капитан, немедленно задавай движение!",Навигация к пункту назначения,Капитан
"Капитан, подготовка завершена, задавай движение.",Навигация к пункту назначения,Капитан
"Кэп, расширение миссии, задавай движение.",Навигация к пункту назначения,Капитан
"Плыви к целевой точке, Кэп.",Навигация к пункту назначения,Капитан
"Капитан, следуй к месту встречи.",Навигация к пункту назначения,Капитан
"Плыви к целевой локации, Шкипер.",Навигация к пункту назначения,Капитан
"Кэп, быстро направляйся к локации!",Навигация к пункту назначения,Капитан
"Шкипер, следуй к месту выполнения.",Навигация к пункту назначения,Капитан
"Кэп, двигайся к целевой станции.",Навигация к пункту назначения,Капитан
"Капитан, плыви к заданной зоне.",Навигация к пункту назначения,Капитан
"Шкипер, держи курс на цель маршрута.",Навигация к пункту назначения,Капитан
"Следуй к назначенной точке, Шкипер.",Навигация к пункту назначения,Капитан
"Держи путь к точке назначения, Капитан.",Навигация к пункту назначения,Капитан
"Капитан, плыви к месту назначения.",Навигация к пункту назначения,Капитан
"Кэп, следуй к месту выполнения.",Навигация к пункту назначения,Капитан
"Шкипер, пора действовать, направляйся к локации.",Навигация к пункту назначения,Капитан
"Плыви к заданным координатам, Кэп.",Навигация к пункту назначения,Капитан
"Шкипер, устанавливай маршрут.",Навигация к пункту назначения,Капитан
"Капитан, уточнение целей, устанавливай маршрут.",Навигация к пункту назначения,Капитан
"Капитан, направляйся к координатам.",Навигация к пункту назначения,Капитан
"Двигайся к следующей станции, Кэп.",Навигация к пункту назначения,Капитан
"Двигайся к назначенной базе, Кэп.",Навигация к пункту назначения,Капитан
"Следуй к месту выполнения задания, Капитан.",Навигация к пункту назначения,Капитан
"Кэп, плыви к заданной точке.",Навигация к пункту назначения,Капитан
"Следуй к указанной точке, Шкипер.",Навигация к пункту назначения,Капитан
"Направляйся к следующей локации, Капитан.",Навигация к пункту назначения,Капитан
"Двигайся к месту операции, Шкипер.",Навигация к пункту назначения,Капитан
"Шкипер, курс на следующую точку.",Навигация к пункту назначения,Капитан
"Шкипер, держи путь к точке прибытия.",Навигация к пункту назначения,Капитан
"Кэп, курс на место высадки.",Навигация к пункту назначения,Капитан
"Направляйся к целевой зоне, Шкипер.",Навигация к пункту назначения,Капитан
"Следуй к указанной станции, Шкипер.",Навигация к пункту назначения,Капитан
"Курс на целевой объект, Шкипер.",Навигация к пункту назначения,Капитан
"Шкипер, устанавливай направление.",Навигация к пункту назначения,Капитан
"Кэп, курс к точке назначения.",Навигация к пункту назначения,Капитан
"Плыви к заданным координатам, Шкипер.",Навигация к пункту назначения,Капитан
"Кэп, иди к месту назначения.",Навигация к пункту назначения,Капитан
"Кэп, держи путь к станции.",Навигация к пункту назначения,Капитан
"Капитан, плыви к указанным координатам.",Навигация к пункту назначения,Капитан
"Капитан, направляйся к следующему порту.",Навигация к пункту назначения,Капитан
"Двигайся к следующей станции, Шкипер.",Навигация к пункту назначения,Капитан
"Кэп, веди к координатам.",Навигация к пункту назначения,Капитан
"Кэп, изменение плана, плыви к точке.",Навигация к пункту назначения,Капитан
"Шкипер, время пришло, направляйся к цели.",Навигация к пункту назначения,Капитан
"Направляйся к целевой зоне, Капитан.",Навигация к пункту назначения,Капитан
"Кэп, направляй к локации.",Навигация к пункту назначения,Капитан
"Кэп, задавай движение к точке.",Навигация к пункту назначения,Капитан
"Капитан, направляйся к целевой локации.",Навигация к пункту назначения,Капитан
"Шкипер, направляйся к пункту прибытия.",Навигация к пункту назначения,Капитан
"Кэп, приказ поступил, следуй к станции.",Навигация к пункту назначения,Капитан
"Кэп, следуй к назначенной цели.",Навигация к пункту назначения,Капитан
"Вперёд к месту назначения, Шкипер.",Навигация к пункту назначения,Капитан
"Следуй к указанной точке, Кэп.",Навигация к пункту назначения,Капитан
"Капитан, двигайся к целевой станции.",Навигация к пункту назначения,Капитан
"Шкипер, плыви к указанным координатам.",Навигация к пункту назначения,Капитан
"Кэп, миссия началась, иди к месту.",Навигация к пункту назначения,Капитан
"Кэп, следуй к указанной базе.",Навигация к пункту назначения,Капитан
"Держи курс на цель, Капитан.",Навигация к пункту назначения,Капитан
"Двигайся к точке выхода, Шкипер.",Навигация к пункту назначения,Капитан
"Капитан, плыви к заданной позиции.",Навигация к пункту назначения,Капитан
"Кэп, направляйся к точке назначения.",Навигация к пункту назначения,Капитан
"Кэп, держи курс на цель.",Навигация к пункту назначения,Капитан
"Двигайся к назначенной базе, Капитан.",Навигация к пункту назначения,Капитан
"Следуй к месту выполнения задания, Шкипер.",Навигация к пункту назначения,Капитан
"Шкипер, срочно направляйся к цели!",Навигация к пункту назначения,Капитан
"Кэп, плыви к координатам назначения.",Навигация к пункту назначения,Капитан
"Капитан, срочно направляйся к цели!",Навигация к пункту назначения,Капитан
"Плыви к месту операции, Капитан.",Навигация к пункту назначения,Капитан
"Капитан, направляйся к следующей базе.",Навигация к пункту назначения,Капитан
"Следуй к заданной локации, Шкипер.",Навигация к пункту назначения,Капитан
"Следуй к месту выполнения, Капитан.",Навигация к пункту назначения,Капитан
"Нужно двигаться к следующей базе, Шкипер.",Навигация к пункту назначения,Капитан
"Кэп, двигайся к месту операции.",Навигация к пункту назначения,Капитан
"Следуй к указанным координатам, Кэп.",Навигация к пункту назначения,Капитан
"Капитан, двигайся к цели.",Навигация к пункту назначения,Капитан
"Кэп, обновление задания, направляйся к локации.",Навигация к пункту назначения,Капитан
"Плыви к указанному месту, Шкипер.",Навигация к пункту назначения,Капитан
"Капитан, срочно держи курс!",Навигация к пункту назначения,Капитан
"Шкипер, следуй к следующей цели.",Навигация к пункту назначения,Капитан
"Шкипер, курс на точку прибытия.",Навигация к пункту назначения,Капитан
"Капитан, двигайся к следующей точке.",Навигация к пункту назначения,Капитан
"Капитан, прокладывай маршрут к цели.",Навигация к пункту назначения,Капитан
"Шкипер, новое задание, направляйся к цели.",Навигация к пункту назначения,Капитан
"Двигайся к месту высадки, Капитан.",Навигация к пункту назначения,Капитан
"Шкипер, дополнительная задача, держи курс.",Навигация к пункту назначения,Капитан
"Веди нас к точке прибытия, Капитан.",Навигация к пункту назначения,Капитан
"Кэп, немедленно задавай движение!",Навигация к пункту назначения,Капитан
"Стражник, прокладывай маршрут к цели.",Навигация к пункту назначения,Охранник
"Страж, плыви к целевой точке.",Навигация к пункту назначения,Охранник
"Стражник, плыви к следующей станции.",Навигация к пункту назначения,Охранник
"Двигайся к целевой станции, Охранник.",Навигация к пункту назначения,Охранник
"Страж, плыви к координатам назначения.",Навигация к пункту назначения,Охранник
"Следуй к месту встречи, Охранник.",Навигация к пункту назначения,Охранник
"Страж, направляйся к пункту прибытия.",Навигация к пункту назначения,Охранник
"Направляйся к пункту назначения, Стражник.",Навигация к пункту назначения,Охранник
"Бодигард, держи курс на цель.",Навигация к пункту назначения,Охранник
"Бодигард, курс на точку прибытия.",Навигация к пункту назначения,Охранник
"Страж, иди к месту операции.",Навигация к пункту назначения,Охранник
"Бодигард, плыви к указанным координатам.",Навигация к пункту назначения,Охранник
"Охранник, срочно следуй к станции!",Навигация к пункту назначения,Охранник
"Страж, срочно следуй к станции!",Навигация к пункту назначения,Охранник
"Направляйся к точке выхода, Стражник.",Навигация к пункту назначения,Охранник
"Стражник, новые указания, следуй к станции.",Навигация к пункту назначения,Охранник
"Охранник, двигайся к цели.",Навигация к пункту назначения,Охранник
"Бодигард, направляйся к следующей локации.",Навигация к пункту назначения,Охранник
"Следуй к месту выполнения задания, Охранник.",Навигация к пункту назначения,Охранник
"Вперёд к месту назначения, Охранник.",Навигация к пункту назначения,Охранник
"Страж, курс на следующую цель.",Навигация к пункту назначения,Охранник
"Охранник, быстро плыви к точке!",Навигация к пункту назначения,Охранник
"Бодигард, плыви к указанной цели.",Навигация к пункту назначения,Охранник
"Плыви к заданным координатам, Бодигард.",Навигация к пункту назначения,Охранник
"Страж, плыви к месту операции.",Навигация к пункту назначения,Охранник
"Страж, немедленно двигайся к базе!",Навигация к пункту назначения,Охранник
"Следуй к конечной точке, Охранник.",Навигация к пункту назначения,Охранник
"Держи путь к точке назначения, Страж.",Навигация к пункту назначения,Охранник
"Направляйся к следующей локации, Охранник.",Навигация к пункту назначения,Охранник
"Бодигард, направляйся к целевой локации.",Навигация к пункту назначения,Охранник
"Двигайся к указанной локации, Стражник.",Навигация к пункту назначения,Охранник
"Охранник, дополнительная задача, держи курс.",Навигация к пункту назначения,Охранник
"Следуй к указанной станции, Стражник.",Навигация к пункту назначения,Охранник
"Бодигард, направляйся к точке назначения.",Навигация к пункту назначения,Охранник
"Охранник, следуй к указанной точке.",Навигация к пункту назначения,Охранник
"Стражник, держи путь к точке прибытия.",Навигация к пункту назначения,Охранник
"Направляйся к координатам, Страж.",Навигация к пункту назначения,Охранник
"Держи путь к следующей точке, Бодигард.",Навигация к пункту назначения,Охранник
"Страж, двигайся к целевой станции.",Навигация к пункту назначения,Охранник
"Бодигард, задание получено, плыви к точке.",Навигация к пункту назначения,Охранник
"Двигайся к назначенной базе, Охранник.",Навигация к пункту назначения,Охранник
"Бодигард, срочно следуй к станции!",Навигация к пункту назначения,Охранник
"Бодигард, новые указания, следуй к станции.",Навигация к пункту назначения,Охранник
"Плыви к целевой локации, Охранник.",Навигация к пункту назначения,Охранник
"Охранник, плыви к заданной точке.",Навигация к пункту назначения,Охранник
"Бодигард, курс на место высадки.",Навигация к пункту назначения,Охранник
"Направляйся к точке выхода, Охранник.",Навигация к пункту назначения,Охранник
"Охранник, курс на целевую локацию.",Навигация к пункту назначения,Охранник
"Страж, направляйся к точке выхода.",Навигация к пункту назначения,Охранник
"Держи путь к следующей точке, Страж.",Навигация к пункту назначения,Охранник
"Следуй к указанной станции, Бодигард.",Навигация к пункту назначения,Охранник
"Страж, двигайся к заданной точке.",Навигация к пункту назначения,Охранник
"Охранник, направляйся к целевой локации.",Навигация к пункту назначения,Охранник
"Двигайся к указанной локации, Страж.",Навигация к пункту назначения,Охранник
"Охранник, следуй к месту назначения.",Навигация к пункту назначения,Охранник
"Плыви к указанному месту, Охранник.",Навигация к пункту назначения,Охранник
"Страж, направляйся к пункту назначения.",Навигация к пункту назначения,Охранник
"Охранник, срочно держи курс!",Навигация к пункту назначения,Охранник
"Страж, пора действовать, направляйся к локации.",Навигация к пункту назначения,Охранник
"Страж, веди к координатам.",Навигация к пункту назначения,Охранник
"Двигайся к точке выхода, Бодигард.",Навигация к пункту назначения,Охранник
"Бодигард, иди к целевой точке.",Навигация к пункту назначения,Охранник
"Вперёд к месту назначения, Стражник.",Навигация к пункту назначения,Охранник
"Страж, немедленно задавай движение!",Навигация к пункту назначения,Охранник
"Держи путь к месту высадки, Охранник.",Навигация к пункту назначения,Охранник
"Страж, двигайся к указанной станции.",Навигация к пункту назначения,Охранник
"Стражник, пора действовать, направляйся к локации.",Навигация к пункту назначения,Охранник
"Страж, время пришло, направляйся к цели.",Навигация к пункту назначения,Охранник
"Бодигард, держи курс на следующую станцию.",Навигация к пункту назначения,Охранник
"Бодигард, держи путь к точке прибытия.",Навигация к пункту назначения,Охранник
"Охранник, плыви к координатам назначения.",Навигация к пункту назначения,Охранник
"Бодигард, следуй к следующей цели.",Навигация к пункту назначения,Охранник
"Нужно двигаться к следующей базе, Охранник.",Навигация к пункту назначения,Охранник
"Стражник, плыви к точке встречи.",Навигация к пункту назначения,Охранник
"Следуй к заданной локации, Бодигард.",Навигация к пункту назначения,Охранник
"Стражник, следуй к назначенной точке.",Навигация к пункту назначения,Охранник
"Бодигард, быстро направляйся к локации!",Навигация к пункту назначения,Охранник
"Двигайся к месту операции, Страж.",Навигация к пункту назначения,Охранник
"Плыви к координатам назначения, Страж.",Навигация к пункту назначения,Охранник
"Охранник, двигайся к указанной станции.",Навигация к пункту назначения,Охранник
"Следуй к назначенной точке, Стражник.",Навигация к пункту назначения,Охранник
"Плыви к целевой локации, Страж.",Навигация к пункту назначения,Охранник
"Бодигард, двигайся к цели.",Навигация к пункту назначения,Охранник
"Страж, двигайся к новой локации.",Навигация к пункту назначения,Охранник
"Стражник, задавай курс к порту.",Навигация к пункту назначения,Охранник
"Охранник, держи путь к точке прибытия.",Навигация к пункту назначения,Охранник
"Охранник, плыви к заданным координатам.",Навигация к пункту назначения,Охранник
"Следуй к указанным координатам, Бодигард.",Навигация к пункту назначения,Охранник
"Держи путь к цели, Охранник.",Навигация к пункту назначения,Охранник
"Стражник, направляй к месту операции.",Навигация к пункту назначения,Охранник
"Бодигард, плыви к заданной зоне.",Навигация к пункту назначения,Охранник
"Плыви к указанной цели, Стражник.",Навигация к пункту назначения,Охранник
"Бодигард, следуй к месту выполнения.",Навигация к пункту назначения,Охранник
"Охранник, курс к точке назначения.",Навигация к пункту назначения,Охранник
"Стражник, задание получено, плыви к точке.",Навигация к пункту назначения,Охранник
"Страж, плыви к следующей станции.",Навигация к пункту назначения,Охранник
"Держи курс на цель, Бодигард.",Навигация к пункту назначения,Охранник
"Стражник, быстро направляйся к локации!",Навигация к пункту назначения,Охранник
"Бодигард, курс к точке назначения.",Навигация к пункту назначения,Охранник
"Держи курс на место высадки, Бодигард.",Навигация к пункту назначения,Охранник
"Вперёд к месту назначения, Медик.",Навигация к пункту назначения,Медик
"Доктор, курс на место высадки.",Навигация к пункту назначения,Медик
"Медик, двигайся к месту высадки.",Навигация к пункту назначения,Медик
"Доктор, иди к месту операции.",Навигация к пункту назначения,Медик
"Следуй к месту выполнения задания, Доктор.",Навигация к пункту назначения,Медик
"Доктор, расширение миссии, задавай движение.",Навигация к пункту назначения,Медик
"Доктор, двигайся к месту операции.",Навигация к пункту назначения,Медик
"Направляйся к следующей цели, Лекарь.",Навигация к пункту назначения,Медик
"Держи курс на цель, Доктор.",Навигация к пункту назначения,Медик
"Врач, направляйся к точке выхода.",Навигация к пункту назначения,Медик
"Доктор, немедленно задавай движение!",Навигация к пункту назначения,Медик
"Врач, двигайся к месту высадки.",Навигация к пункту назначения,Медик
"Доктор, время пришло, направляйся к цели.",Навигация к пункту назначения,Медик
"Лекарь, устанавливай направление.",Навигация к пункту назначения,Медик
"Держи путь к месту высадки, Медик.",Навигация к пункту назначения,Медик
"Медик, следуй к месту выполнения.",Навигация к пункту назначения,Медик
"Двигайся к точке выхода, Лекарь.",Навигация к пункту назначения,Медик
"Врач, следуй к назначенной цели.",Навигация к пункту назначения,Медик
"Медик, направляйся к месту встречи.",Навигация к пункту назначения,Медик
"Доктор, направляйся к пункту прибытия.",Навигация к пункту назначения,Медик
"Лекарь, плыви к указанной цели.",Навигация к пункту назначения,Медик
"Врач, плыви к заданным координатам.",Навигация к пункту назначения,Медик
"Лекарь, двигайся к месту операции.",Навигация к пункту назначения,Медик
"Врач, двигайся к целевой станции.",Навигация к пункту назначения,Медик
"Следуй к указанной базе, Врач.",Навигация к пункту назначения,Медик
"Врач, направляйся к пункту назначения.",Навигация к пункту назначения,Медик
"Следуй к назначенной точке, Медик.",Навигация к пункту назначения,Медик
"Плыви к указанному месту, Лекарь.",Навигация к пункту назначения,Медик
"Держи путь к следующей точке, Лекарь.",Навигация к пункту назначения,Медик
"Доктор, направляйся к назначенной базе.",Навигация к пункту назначения,Медик
"Доктор, курс на целевую локацию.",Навигация к пункту назначения,Медик
"Врач, устанавливай маршрут.",Навигация к пункту назначения,Медик
"Доктор, задавай движение к точке.",Навигация к пункту назначения,Медик
"Следуй к указанной станции, Медик.",Навигация к пункту назначения,Медик
"Врач, плыви к целевой точке.",Навигация к пункту назначения,Медик
"Лекарь, немедленно иди к месту!",Навигация к пункту назначения,Медик
"Двигайся к точке выхода, Медик.",Навигация к пункту назначения,Медик
"Лекарь, немедленно двигайся к базе!",Навигация к пункту назначения,Медик
"Медик, двигайся к указанной локации.",Навигация к пункту назначения,Медик
"Лекарь, срочно держи курс!",Навигация к пункту назначения,Медик
"Медик, направляйся к целевой локации.",Навигация к пункту назначения,Медик
"Доктор, плыви к заданной зоне.",Навигация к пункту назначения,Медик
"Плыви к целевой точке, Врач.",Навигация к пункту назначения,Медик
"Лекарь, время пришло, направляйся к цели.",Навигация к пункту назначения,Медик
"Двигайся к целевой станции, Врач.",Навигация к пункту назначения,Медик
"Доктор, всё готово, держи курс.",Навигация к пункту назначения,Медик
"Врач, быстро плыви к точке!",Навигация к пункту назначения,Медик
"Двигайся к заданной точке, Доктор.",Навигация к пункту назначения,Медик
"Медик, курс на место высадки.",Навигация к пункту назначения,Медик
"Доктор, следуй к месту выполнения.",Навигация к пункту назначения,Медик
"Лекарь, иди к месту назначения.",Навигация к пункту назначения,Медик
"Доктор, получены координаты, двигайся к базе.",Навигация к пункту назначения,Медик
"Медик, плыви к месту прибытия.",Навигация к пункту назначения,Медик
"Следуй к месту выполнения, Медик.",Навигация к пункту назначения,Медик
"Лекарь, иди к следующей базе.",Навигация к пункту назначения,Медик
"Врач, немедленно двигайся к базе!",Навигация к пункту назначения,Медик
"Врач, быстро устанавливай маршрут!",Навигация к пункту назначения,Медик
"Курс на целевой объект, Врач.",Навигация к пункту назначения,Медик
"Врач, срочно следуй к станции!",Навигация к пункту назначения,Медик
"Плыви к месту прибытия, Медик.",Навигация к пункту назначения,Медик
"Врач, плыви к заданной точке.",Навигация к пункту назначения,Медик
"Лекарь, всё готово, держи курс.",Навигация к пункту назначения,Медик
"Лекарь, следуй к назначенной точке.",Навигация к пункту назначения,Медик
"Давай плыви, Лекарь, к целевой точке.",Навигация к пункту назначения,Медик
"Медик, плыви к указанным координатам.",Навигация к пункту назначения,Медик
"Медик, прокладывай маршрут к цели.",Навигация к пункту назначения,Медик
"Врач, изменение плана, плыви к точке.",Навигация к пункту назначения,Медик
"Врач, направляйся к следующей локации.",Навигация к пункту назначения,Медик
"Врач, система готова, устанавливай маршрут.",Навигация к пункту назначения,Медик
"Доктор, плыви к заданной точке.",Навигация к пункту назначения,Медик
"Лекарь, направляйся к пункту прибытия.",Навигация к пункту назначения,Медик
"Доктор, задавай курс к порту.",Навигация к пункту назначения,Медик
"Медик, двигайся к месту операции.",Навигация к пункту назначения,Медик
"Медик, следуй к назначенной цели.",Навигация к пункту назначения,Медик
"Направляйся к следующей цели, Врач.",Навигация к пункту назначения,Медик
"Доктор, прокладывай маршрут к цели.",Навигация к пункту назначения,Медик
"Лекарь, новые указания, следуй к станции.",Навигация к пункту назначения,Медик
"Плыви к указанной цели, Врач.",Навигация к пункту назначения,Медик
"Лекарь, быстро направляйся к локации!",Навигация к пункту назначения,Медик
"Доктор, держи курс на следующую станцию.",Навигация к пункту назначения,Медик
"Двигайся к месту назначения, Медик.",Навигация к пункту назначения,Медик
"Двигайся к следующей станции, Медик.",Навигация к пункту назначения,Медик
"Лекарь, направляйся к целевой локации.",Навигация к пункту назначения,Медик
"Доктор, плыви к месту назначения.",Навигация к пункту назначения,Медик
"Врач, направляйся к следующей базе.",Навигация к пункту назначения,Медик
"Держи путь к точке назначения, Медик.",Навигация к пункту назначения,Медик
"Врач, плыви к заданной зоне.",Навигация к пункту назначения,Медик
"Веди к координатам назначения, Лекарь.",Навигация к пункту назначения,Медик
"Доктор, плыви к указанным координатам.",Навигация к пункту назначения,Медик
"Лекарь, корректировка маршрута, иди к месту.",Навигация к пункту назначения,Медик
"Следуй к указанным координатам, Доктор.",Навигация к пункту назначения,Медик
"Плыви к координатам назначения, Лекарь.",Навигация к пункту назначения,Медик
"Доктор, держи путь к точке прибытия.",Навигация к пункту назначения,Медик
"Следуй к указанным координатам, Медик.",Навигация к пункту назначения,Медик
"Направляйся к цели, Медик.",Навигация к пункту назначения,Медик
"Лекарь, изменение плана, плыви к точке.",Навигация к пункту назначения,Медик
"Лекарь, быстро устанавливай маршрут!",Навигация к пункту назначения,Медик
"Держи путь к цели, Врач.",Навигация к пункту назначения,Медик
"Следуй к назначенной точке, Доктор.",Навигация к пункту назначения,Медик
"Лекарь, быстро плыви к точке!",Навигация к пункту назначения,Медик
"Инженер, направляй к месту операции.",Навигация к пункту назначения,Инженер
"Нужно двигаться к следующей базе, Техник.",Навигация к пункту назначения,Инженер
"Инженер, двигайся к указанной локации.",Навигация к пункту назначения,Инженер
"Техник, следуй к месту выполнения.",Навигация к пункту назначения,Инженер
"Инженер, плыви к заданной зоне.",Навигация к пункту назначения,Инженер
"Инженер, плыви к заданной точке.",Навигация к пункту назначения,Инженер
"Инженер, плыви к месту прибытия.",Навигация к пункту назначения,Инженер
"Техник, держи путь к станции.",Навигация к пункту назначения,Инженер
"Следуй к указанным координатам, Инженер.",Навигация к пункту назначения,Инженер
"Техник, новое задание, направляйся к цели.",Навигация к пункту назначения,Инженер
"Техник, плыви к заданной позиции.",Навигация к пункту назначения,Инженер
"Техник, направляйся к месту встречи.",Навигация к пункту назначения,Инженер
"Плыви к заданным координатам, Техник.",Навигация к пункту назначения,Инженер
"Инженер, двигайся к указанной станции.",Навигация к пункту назначения,Инженер
"Техник, двигайся к месту высадки.",Навигация к пункту назначения,Инженер
"Техник, плыви к координатам назначения.",Навигация к пункту назначения,Инженер
"Техник, срочно следуй к станции!",Навигация к пункту назначения,Инженер
"Техник, плыви к целевой точке.",Навигация к пункту назначения,Инженер
"Инженер, плыви к месту операции.",Навигация к пункту назначения,Инженер
"Двигайся к месту назначения, Техник.",Навигация к пункту назначения,Инженер
"Инженер, направляйся к точке выхода.",Навигация к пункту назначения,Инженер
"Держи путь к месту высадки, Техник.",Навигация к пункту назначения,Инженер
"Инженер, устанавливай направление.",Навигация к пункту назначения,Инженер
"Техник, двигайся к месту операции.",Навигация к пункту назначения,Инженер
"Техник, плыви к указанным координатам.",Навигация к пункту назначения,Инженер
"Держи путь к месту высадки, Инженер.",Навигация к пункту назначения,Инженер
"Держи путь к цели, Техник.",Навигация к пункту назначения,Инженер
"Плыви к указанному месту, Инженер.",Навигация к пункту назначения,Инженер
"Инженер, следуй к месту выполнения.",Навигация к пункту назначения,Инженер
"Инженер, направляйся к месту встречи.",Навигация к пункту назначения,Инженер
"Направляйся к точке выхода, Инженер.",Навигация к пункту назначения,Инженер
"Следуй к назначенной точке, Инженер.",Навигация к пункту назначения,Инженер
"Двигайся к указанной локации, Инженер.",Навигация к пункту назначения,Инженер
"Следуй к месту выполнения задания, Техник.",Навигация к пункту назначения,Инженер
"Инженер, держи курс на цель маршрута.",Навигация к пункту назначения,Инженер
"Инженер, приказ поступил, следуй к станции.",Навигация к пункту назначения,Инженер
"Инженер, следуй к месту встречи.",Навигация к пункту назначения,Инженер
"Техник, курс на целевой объект.",Навигация к пункту назначения,Инженер
"Держи курс на место высадки, Инженер.",Навигация к пункту назначения,Инженер
"Техник, курс на следующую точку.",Навигация к пункту назначения,Инженер
"Техник, плыви к заданной зоне.",Навигация к пункту назначения,Инженер
"Следуй к указанной станции, Техник.",Навигация к пункту назначения,Инженер
"Плыви к месту операции, Инженер.",Навигация к пункту назначения,Инженер
"Инженер, следуй к заданной локации.",Навигация к пункту назначения,Инженер
"Направляйся к целевой зоне, Инженер.",Навигация к пункту назначения,Инженер
"Техник, направляйся к следующей базе.",Навигация к пункту назначения,Инженер
"Двигайся к месту высадки, Техник.",Навигация к пункту назначения,Инженер
"Инженер, плыви к координатам назначения.",Навигация к пункту назначения,Инженер
"Инженер, двигайся к месту операции.",Навигация к пункту назначения,Инженер
"Следуй к месту встречи, Инженер.",Навигация к пункту назначения,Инженер
"Инженер, направляйся к назначенной базе.",Навигация к пункту назначения,Инженер
"Инженер, задавай движение к точке.",Навигация к пункту назначения,Инженер
"Инженер, прокладывай путь к базе.",Навигация к пункту назначения,Инженер
"Техник, двигайся к новой локации.",Навигация к пункту назначения,Инженер
"Инженер, следуй к целевой зоне.",Навигация к пункту назначения,Инженер
"Техник, иди к целевой точке.",Навигация к пункту назначения,Инженер
"Двигайся к назначенной базе, Техник.",Навигация к пункту назначения,Инженер
"Инженер, всё готово, держи курс.",Навигация к пункту назначения,Инженер
"Техник, курс на целевую локацию.",Навигация к пункту назначения,Инженер
"Техник, следуй к месту назначения.",Навигация к пункту назначения,Инженер
"Направляйся к цели, Инженер.",Навигация к пункту назначения,Инженер
"Двигайся к заданной точке, Инженер.",Навигация к пункту назначения,Инженер
"Держи путь к цели, Инженер.",Навигация к пункту назначения,Инженер
"Техник, направляйся к координатам.",Навигация к пункту назначения,Инженер
"Инженер, быстро направляйся к локации!",Навигация к пункту назначения,Инженер
"Техник, плыви к месту операции.",Навигация к пункту назначения,Инженер
"Направляйся к цели, Техник.",Навигация к пункту назначения,Инженер
"Инженер, задание получено, плыви к точке.",Навигация к пункту назначения,Инженер
"Двигайся к цели маршрута, Техник.",Навигация к пункту назначения,Инженер
"Двигайся к цели маршрута, Инженер.",Навигация к пункту назначения,Инженер
"Следуй к указанным координатам, Техник.",Навигация к пункту назначения,Инженер
"Инженер, держи курс на цель.",Навигация к пункту назначения,Инженер
"Техник, направляйся к пункту назначения.",Навигация к пункту назначения,Инженер
"Инженер, новое задание, направляйся к цели.",Навигация к пункту назначения,Инженер
"Направляйся к координатам, Техник.",Навигация к пункту назначения,Инженер
"Техник, курс на точку прибытия.",Навигация к пункту назначения,Инженер
"Техник, держи курс на цель маршрута.",Навигация к пункту назначения,Инженер
"Направляйся к пункту назначения, Инженер.",Навигация к пункту назначения,Инженер
"Техник, устанавливай направление.",Навигация к пункту назначения,Инженер
"Техник, курс на следующую цель.",Навигация к пункту назначения,Инженер
"Инженер, держи курс на следующую станцию.",Навигация к пункту назначения,Инженер
"Техник, задавай курс к порту.",Навигация к пункту назначения,Инженер
"Инженер, курс на точку прибытия.",Навигация к пункту назначения,Инженер
"Следуй к месту выполнения, Инженер.",Навигация к пункту назначения,Инженер
"Направляйся к следующей локации, Техник.",Навигация к пункту назначения,Инженер
"Инженер, быстро плыви к точке!",Навигация к пункту назначения,Инженер
"Техник, направляйся к пункту прибытия.",Навигация к пункту назначения,Инженер
"Техник, направляйся к целевой базе.",Навигация к пункту назначения,Инженер
"Следуй к месту встречи, Техник.",Навигация к пункту назначения,Инженер
"Направляйся к точке выхода, Техник.",Навигация к пункту назначения,Инженер
"Направляйся к месту операции, Техник.",Навигация к пункту назначения,Инженер
"Техник, направляйся к следующей локации.",Навигация к пункту назначения,Инженер
"Инженер, срочно держи курс!",Навигация к пункту назначения,Инженер
"Инженер, курс на следующую цель.",Навигация к пункту назначения,Инженер
"Инженер, веди к точке встречи.",Навигация к пункту назначения,Инженер
"Плыви к указанной цели, Инженер.",Навигация к пункту назначения,Инженер
"Двигайся к точке выхода, Инженер.",Навигация к пункту назначения,Инженер
"Техник, следуй к заданной локации.",Навигация к пункту назначения,Инженер
"Инженер, двигайся к следующей станции.",Навигация к пункту назначения,Инженер
"Техник, подготовка завершена, задавай движение.",Навигация к пункту назначения,Инженер
"Механик, новое задание, направляйся к цели.",Навигация к пункту назначения,Механик
"Ремонтник, держи путь к станции.",Навигация к пункту назначения,Механик
"Слесарь, дополнительная задача, держи курс.",Навигация к пункту назначения,Механик
"Следуй к месту выполнения задания, Слесарь.",Навигация к пункту назначения,Механик
"Ремонтник, иди к следующей базе.",Навигация к пункту назначения,Механик
"Слесарь, двигайся к следующей станции.",Навигация к пункту назначения,Механик
"Держи курс на цель маршрута, Механик.",Навигация к пункту назначения,Механик
"Ремонтник, плыви к заданной позиции.",Навигация к пункту назначения,Механик
"Двигайся к точке выхода, Слесарь.",Навигация к пункту назначения,Механик
"Слесарь, курс на целевую локацию.",Навигация к пункту назначения,Механик
"Направляйся к цели, Слесарь.",Навигация к пункту назначения,Механик
"Слесарь, получены координаты, двигайся к базе.",Навигация к пункту назначения,Механик
"Ремонтник, плыви к месту назначения.",Навигация к пункту назначения,Механик
"Держи путь к месту высадки, Механик.",Навигация к пункту назначения,Механик
"Ремонтник, немедленно двигайся к базе!",Навигация к пункту назначения,Механик
"Держи курс на цель маршрута, Ремонтник.",Навигация к пункту назначения,Механик
"Механик, прокладывай маршрут к цели.",Навигация к пункту назначения,Механик
"Двигайся к месту операции, Ремонтник.",Навигация к пункту назначения,Механик
"Механик, прокладывай путь к базе.",Навигация к пункту назначения,Механик
"Слесарь, направляйся к точке назначения.",Навигация к пункту назначения,Механик
"Механик, плыви к заданной зоне.",Навигация к пункту назначения,Механик
"Плыви к месту прибытия, Ремонтник.",Навигация к пункту назначения,Механик
"Ремонтник, направляйся к координатам.",Навигация к пункту назначения,Механик
"Ремонтник, направляйся к пункту назначения.",Навигация к пункту назначения,Механик
"Слесарь, следуй к месту назначения.",Навигация к пункту назначения,Механик
"Направляйся к следующей цели, Механик.",Навигация к пункту назначения,Механик
"Слесарь, новые указания, следуй к станции.",Навигация к пункту назначения,Механик
"Слесарь, курс на целевой объект.",Навигация к пункту назначения,Механик
"Механик, быстро направляйся к локации!",Навигация к пункту назначения,Механик
"Держи путь к цели, Ремонтник.",Навигация к пункту назначения,Механик
"Ремонтник, иди к месту операции.",Навигация к пункту назначения,Механик
"Держи путь к точке назначения, Слесарь.",Навигация к пункту назначения,Механик
"Механик, следуй к месту выполнения.",Навигация к пункту назначения,Механик
"Ремонтник, срочно держи курс!",Навигация к пункту назначения,Механик
"Ремонтник, расширение миссии, задавай движение.",Навигация к пункту назначения,Механик
"Механик, получены координаты, двигайся к базе.",Навигация к пункту назначения,Механик
"Слесарь, подготовка завершена, задавай движение.",Навигация к пункту назначения,Механик
"Механик, задание получено, плыви к точке.",Навигация к пункту назначения,Механик
"Слесарь, следуй к целевой зоне.",Навигация к пункту назначения,Механик
"Ремонтник, быстро устанавливай маршрут!",Навигация к пункту назначения,Механик
"Ремонтник, уточнение целей, устанавливай маршрут.",Навигация к пункту назначения,Механик
"Механик, уточнение целей, устанавливай маршрут.",Навигация к пункту назначения,Механик
"Следуй к указанной станции, Ремонтник.",Навигация к пункту назначения,Механик
"Слесарь, плыви к месту операции.",Навигация к пункту назначения,Механик
"Ремонтник, немедленно задавай движение!",Навигация к пункту назначения,Механик
"Механик, направляйся к месту встречи.",Навигация к пункту назначения,Механик
"Следуй к заданной локации, Механик.",Навигация к пункту назначения,Механик
"Следуй к указанной точке, Механик.",Навигация к пункту назначения,Механик
"Слесарь, следуй к месту выполнения.",Навигация к пункту назначения,Механик
"Ремонтник, корректировка маршрута, иди к месту.",Навигация к пункту назначения,Механик
"Плыви к целевой локации, Механик.",Навигация к пункту назначения,Механик
"Двигайся к месту высадки, Ремонтник.",Навигация к пункту назначения,Механик
"Направляйся к следующей цели, Слесарь.",Навигация к пункту назначения,Механик
"Механик, плыви к заданной позиции.",Навигация к пункту назначения,Механик
"Курс на целевой объект, Механик.",Навигация к пункту назначения,Механик
"Ремонтник, плыви к месту прибытия.",Навигация к пункту назначения,Механик
"Следуй к указанной базе, Слесарь.",Навигация к пункту назначения,Механик
"Слесарь, следуй к указанной точке.",Навигация к пункту назначения,Механик
"Веди нас к точке прибытия, Ремонтник.",Навигация к пункту назначения,Механик
"Плыви к месту операции, Слесарь.",Навигация к пункту назначения,Механик
"Слесарь, плыви к заданной зоне.",Навигация к пункту назначения,Механик
"Ремонтник, получены координаты, двигайся к базе.",Навигация к пункту назначения,Механик
"Слесарь, срочно следуй к станции!",Навигация к пункту назначения,Механик
"Ремонтник, плыви к следующей станции.",Навигация к пункту назначения,Механик
"Механик, следуй к назначенной цели.",Навигация к пункту назначения,Механик
"Двигайся к назначенной базе, Механик.",Навигация к пункту назначения,Механик
"Ремонтник, следуй к месту выполнения.",Навигация к пункту назначения,Механик
"Слесарь, держи путь к точке прибытия.",Навигация к пункту назначения,Механик
"Механик, двигайся к указанной локации.",Навигация к пункту назначения,Механик
"Следуй к конечной точке, Ремонтник.",Навигация к пункту назначения,Механик
"Механик, направляйся к целевой локации.",Навигация к пункту назначения,Механик
"Механик, следуй к указанной базе.",Навигация к пункту назначения,Механик
"Механик, изменение плана, плыви к точке.",Навигация к пункту назначения,Механик
"Двигайся к заданной точке, Ремонтник.",Навигация к пункту назначения,Механик
"Механик, новые указания, следуй к станции.",Навигация к пункту назначения,Механик
"Нужно двигаться к следующей базе, Ремонтник.",Навигация к пункту назначения,Механик
"Механик, подготовка завершена, задавай движение.",Навигация к пункту назначения,Механик
"Следуй к месту выполнения, Механик.",Навигация к пункту назначения,Механик
"Слесарь, направляйся к точке выхода.",Навигация к пункту назначения,Механик
"Держи курс на место высадки, Ремонтник.",Навигация к пункту назначения,Механик
"Механик, двигайся к назначенной базе.",Навигация к пункту назначения,Механик
"Держи курс на цель, Ремонтник.",Навигация к пункту назначения,Механик
"Слесарь, время пришло, направляйся к цели.",Навигация к пункту назначения,Механик
"Следуй к конечной точке, Механик.",Навигация к пункту назначения,Механик
"Слесарь, миссия началась, иди к месту.",Навигация к пункту назначения,Механик
"Держи курс на место высадки, Механик.",Навигация к пункту назначения,Механик
"Механик, плыви к заданным координатам.",Навигация к пункту назначения,Механик
"Направляйся к целевой зоне, Ремонтник.",Навигация к пункту назначения,Механик
"Направляйся к координатам, Слесарь.",Навигация к пункту назначения,Механик
"Ремонтник, плыви к заданной зоне.",Навигация к пункту назначения,Механик
"Ремонтник, обновление задания, направляйся к локации.",Навигация к пункту назначения,Механик
"Механик, направляйся к координатам.",Навигация к пункту назначения,Механик
"Механик, направляйся к следующей локации.",Навигация к пункту назначения,Механик
"Слесарь, веди к координатам.",Навигация к пункту назначения,Механик
"Механик, направляйся к пункту прибытия.",Навигация к пункту назначения,Механик
"Механик, направляйся к пункту назначения.",Навигация к пункту назначения,Механик
"Следуй к указанным координатам, Механик.",Навигация к пункту назначения,Механик
"Ремонтник, плыви к месту операции.",Навигация к пункту назначения,Механик
"Ремонтник, веди к координатам.",Навигация к пункту назначения,Механик
"Механик, иди к месту операции.",Навигация к пункту назначения,Механик
"Следуй к конечной точке, Коллега.",Навигация к пункту назначения,Помощник
"Следуй к месту выполнения, Помощник.",Навигация к пункту назначения,Помощник
"Следуй к назначенной точке, Коллега.",Навигация к пункту назначения,Помощник
"Помощник, держи путь к станции.",Навигация к пункту назначения,Помощник
"Юнга, двигайся к месту высадки.",Навигация к пункту назначения,Помощник
"Помощник, курс на место высадки.",Навигация к пункту назначения,Помощник
"Помощник, плыви к месту операции.",Навигация к пункту назначения,Помощник
"Коллега, новое задание, направляйся к цели.",Навигация к пункту назначения,Помощник
"Новичок, держи путь к точке прибытия.",Навигация к пункту назначения,Помощник
"Юнга, плыви к следующей станции.",Навигация к пункту назначения,Помощник
"Новичок, прокладывай путь к базе.",Навигация к пункту назначения,Помощник
"Направляйся к месту операции, Помощник.",Навигация к пункту назначения,Помощник
"Направляйся к пункту назначения, Новичок.",Навигация к пункту назначения,Помощник
"Коллега, направляйся к месту встречи.",Навигация к пункту назначения,Помощник
"Юнга, плыви к заданным координатам.",Навигация к пункту назначения,Помощник
"Помощник, направляйся к месту встречи.",Навигация к пункту назначения,Помощник
"Коллега, плыви к заданным координатам.",Навигация к пункту назначения,Помощник
"Коллега, направляйся к целевой зоне.",Навигация к пункту назначения,Помощник
"Юнга, держи курс на цель маршрута.",Навигация к пункту назначения,Помощник
"Направляйся к координатам, Помощник.",Навигация к пункту назначения,Помощник
"Плыви к указанной цели, Новичок.",Навигация к пункту назначения,Помощник
"Следуй к указанным координатам, Юнга.",Навигация к пункту назначения,Помощник
"Следуй к заданной локации, Коллега.",Навигация к пункту назначения,Помощник
"Юнга, направляй к месту операции.",Навигация к пункту назначения,Помощник
"Коллега, двигайся к заданной точке.",Навигация к пункту назначения,Помощник
"Коллега, расширение миссии, задавай движение.",Навигация к пункту назначения,Помощник
"Помощник, направляйся к точке выхода.",Навигация к пункту назначения,Помощник
"Юнга, следуй к следующей цели.",Навигация к пункту назначения,Помощник
"Плыви к месту прибытия, Юнга.",Навигация к пункту назначения,Помощник
"Направляйся к цели, Юнга.",Навигация к пункту назначения,Помощник
"Двигайся к целевой станции, Помощник.",Навигация к пункту назначения,Помощник
"Помощник, задавай курс к порту.",Навигация к пункту назначения,Помощник
"Юнга, срочно следуй к станции!",Навигация к пункту назначения,Помощник
"Плыви к целевой локации, Новичок.",Навигация к пункту назначения,Помощник
"Помощник, двигайся к следующей точке.",Навигация к пункту назначения,Помощник
"Направляйся к цели, Коллега.",Навигация к пункту назначения,Помощник
"Помощник, немедленно двигайся к базе!",Навигация к пункту назначения,Помощник
"Юнга, курс на место высадки.",Навигация к пункту назначения,Помощник
"Новичок, направляйся к пункту прибытия.",Навигация к пункту назначения,Помощник
"Новичок, быстро плыви к точке!",Навигация к пункту назначения,Помощник
"Направляйся к месту операции, Коллега.",Навигация к пункту назначения,Помощник
"Юнга, плыви к месту операции.",Навигация к пункту назначения,Помощник
"Юнга, плыви к заданной точке.",Навигация к пункту назначения,Помощник
"Новичок, система готова, устанавливай маршрут.",Навигация к пункту назначения,Помощник
"Новичок, дополнительная задача, держи курс.",Навигация к пункту назначения,Помощник
"Коллега, получены координаты, двигайся к базе.",Навигация к пункту назначения,Помощник
"Коллега, задание получено, плыви к точке.",Навигация к пункту назначения,Помощник
"Плыви к месту операции, Коллега.",Навигация к пункту назначения,Помощник
"Плыви к заданным координатам, Юнга.",Навигация к пункту назначения,Помощник
"Направляйся к точке выхода, Юнга.",Навигация к пункту назначения,Помощник
"Давай плыви, Помощник, к целевой точке.",Навигация к пункту назначения,Помощник
"Держи путь к цели, Помощник.",Навигация к пункту назначения,Помощник
"Вперёд к месту назначения, Коллега.",Навигация к пункту назначения,Помощник
"Новичок, курс на целевую локацию.",Навигация к пункту назначения,Помощник
"Держи путь к следующей точке, Помощник.",Навигация к пункту назначения,Помощник
"Юнга, курс на точку прибытия.",Навигация к пункту назначения,Помощник
"Юнга, направляйся к точке назначения.",Навигация к пункту назначения,Помощник
"Юнга, направляйся к пункту прибытия.",Навигация к пункту назначения,Помощник
"Помощник, корректировка маршрута, иди к месту.",Навигация к пункту назначения,Помощник
"Юнга, двигайся к назначенной базе.",Навигация к пункту назначения,Помощник
"Помощник, двигайся к назначенной базе.",Навигация к пункту назначения,Помощник
"Юнга, направляйся к назначенной базе.",Навигация к пункту назначения,Помощник
"Держи путь к цели, Коллега.",Навигация к пункту назначения,Помощник
"Направляйся к следующей цели, Коллега.",Навигация к пункту назначения,Помощник
"Новичок, курс на место высадки.",Навигация к пункту назначения,Помощник
"Веди нас к точке прибытия, Коллега.",Навигация к пункту назначения,Помощник
"Юнга, веди к точке встречи.",Навигация к пункту назначения,Помощник
"Следуй к месту выполнения задания, Новичок.",Навигация к пункту назначения,Помощник
"Новичок, расширение миссии, задавай движение.",Навигация к пункту назначения,Помощник
"Следуй к указанной станции, Юнга.",Навигация к пункту назначения,Помощник
"Коллега, направляйся к точке назначения.",Навигация к пункту назначения,Помощник
"Двигайся к месту назначения, Помощник.",Навигация к пункту назначения,Помощник
"Новичок, плыви к месту операции.",Навигация к пункту назначения,Помощник
"Новичок, плыви к заданной точке.",Навигация к пункту назначения,Помощник
"Двигайся к заданной точке, Юнга.",Навигация к пункту назначения,Помощник
"Коллега, курс на следующую точку.",Навигация к пункту назначения,Помощник
"Юнга, устанавливай направление.",Навигация к пункту назначения,Помощник
"Плыви к месту прибытия, Коллега.",Навигация к пункту назначения,Помощник
"Новичок, немедленно задавай движение!",Навигация к пункту назначения,Помощник
"Новичок, следуй к следующей цели.",Навигация к пункту назначения,Помощник
"Юнга, система готова, устанавливай маршрут.",Навигация к пункту назначения,Помощник
"Веди нас к точке прибытия, Новичок.",Навигация к пункту назначения,Помощник
"Новичок, направляйся к следующей локации.",Навигация к пункту назначения,Помощник
"Помощник, курс на точку прибытия.",Навигация к пункту назначения,Помощник
"Следуй к месту встречи, Новичок.",Навигация к пункту назначения,Помощник
"Помощник, иди к месту операции.",Навигация к пункту назначения,Помощник
"Держи путь к месту высадки, Новичок.",Навигация к пункту назначения,Помощник
"Юнга, направляйся к месту встречи.",Навигация к пункту назначения,Помощник
"Помощник, плыви к заданной позиции.",Навигация к пункту назначения,Помощник
"Плыви к заданным координатам, Помощник.",Навигация к пункту назначения,Помощник
"Держи путь к цели, Новичок.",Навигация к пункту назначения,Помощник
"Помощник, курс на целевой объект.",Навигация к пункту назначения,Помощник
"Коллега, направляйся к координатам.",Навигация к пункту назначения,Помощник
"Коллега, плыви к заданной позиции.",Навигация к пункту назначения,Помощник
"Коллега, быстро устанавливай маршрут!",Навигация к пункту назначения,Помощник
"Коллега, плыви к заданной точке.",Навигация к пункту назначения,Помощник
"Курс на целевой объект, Новичок.",Навигация к пункту назначения,Помощник
"Помощник, плыви к указанным координатам.",Навигация к пункту назначения,Помощник
"Новичок, следуй к целевой зоне.",Навигация к пункту назначения,Помощник
"Коллега, плыви к указанной цели.",Навигация к пункту назначения,Помощник
"экипаж, следуй к назначенной цели.",Навигация к пункту назначения,all
"Плыви к указанной цели, все.",Навигация к пункту назначения,all
"команда, двигайся к следующей станции.",Навигация к пункту назначения,all
"Направляйся к цели, все.",Навигация к пункту назначения,all
"команда, двигайся к указанной станции.",Навигация к пункту назначения,all
"команда, уточнение целей, устанавливай маршрут.",Навигация к пункту назначения,all
"экипаж, пора действовать, направляйся к локации.",Навигация к пункту назначения,all
"Веди нас к точке прибытия, экипаж.",Навигация к пункту назначения,all
"Держи курс на цель, все.",Навигация к пункту назначения,all
"Держи путь к точке назначения, боты.",Навигация к пункту назначения,all
"Следуй к месту встречи, боты.",Навигация к пункту назначения,all
"команда, плыви к следующей станции.",Навигация к пункту назначения,all
"боты, прокладывай путь к базе.",Навигация к пункту назначения,all
"экипаж, немедленно двигайся к базе!",Навигация к пункту назначения,all
"Держи курс на цель маршрута, все.",Навигация к пункту назначения,all
"Плыви к целевой локации, экипаж.",Навигация к пункту назначения,all
"экипаж, немедленно иди к месту!",Навигация к пункту назначения,all
"Держи курс на цель, боты.",Навигация к пункту назначения,all
"команда, срочно держи курс!",Навигация к пункту назначения,all
"экипаж, направляйся к точке выхода.",Навигация к пункту назначения,all
"боты, задавай курс к порту.",Навигация к пункту назначения,all
"команда, новые указания, следуй к станции.",Навигация к пункту назначения,all
"боты, подготовка завершена, задавай движение.",Навигация к пункту назначения,all
"Держи путь к цели, команда.",Навигация к пункту назначения,all
"команда, подготовка завершена, задавай движение.",Навигация к пункту назначения,all
"экипаж, обновление задания, направляйся к локации.",Навигация к пункту назначения,all
"все, следуй к следующей цели.",Навигация к пункту назначения,all
"все, курс на место высадки.",Навигация к пункту назначения,all
"боты, держи курс на следующую станцию.",Навигация к пункту назначения,all
"боты, плыви к следующей станции.",Навигация к пункту назначения,all
"все, курс на целевую локацию.",Навигация к пункту назначения,all
"боты, направляйся к точке выхода.",Навигация к пункту назначения,all
"Направляйся к следующей локации, команда.",Навигация к пункту назначения,all
"команда, направляйся к целевой зоне.",Навигация к пункту назначения,all
"команда, прокладывай путь к базе.",Навигация к пункту назначения,all
"Следуй к месту выполнения задания, боты.",Навигация к пункту назначения,all
"боты, иди к месту операции.",Навигация к пункту назначения,all
"экипаж, иди к месту назначения.",Навигация к пункту назначения,all
"экипаж, двигайся к цели.",Навигация к пункту назначения,all
"Следуй к указанной станции, все.",Навигация к пункту назначения,all
"все, получены координаты, двигайся к базе.",Навигация к пункту назначения,all
"все, следуй к указанной базе.",Навигация к пункту назначения,all
"Плыви к указанному месту, боты.",Навигация к пункту назначения,all
"боты, двигайся к цели.",Навигация к пункту назначения,all
"экипаж, дополнительная задача, держи курс.",Навигация к пункту назначения,all
"Двигайся к назначенной базе, боты.",Навигация к пункту назначения,all
"Плыви к заданным координатам, боты.",Навигация к пункту назначения,all
"команда, иди к следующей базе.",Навигация к пункту назначения,all
"боты, пора действовать, направляйся к локации.",Навигация к пункту назначения,all
"боты, система готова, устанавливай маршрут.",Навигация к пункту назначения,all
"боты, следуй к месту выполнения.",Навигация к пункту назначения,all
"все, быстро устанавливай маршрут!",Навигация к пункту назначения,all
"команда, расширение миссии, задавай движение.",Навигация к пункту назначения,all
"команда, двигайся к месту высадки.",Навигация к пункту назначения,all
"боты, устанавливай маршрут.",Навигация к пункту назначения,all
"Направляйся к цели, экипаж.",Навигация к пункту назначения,all
"Курс на целевой объект, экипаж.",Навигация к пункту назначения,all
"боты, курс на целевую локацию.",Навигация к пункту назначения,all
"все, уточнение целей, устанавливай маршрут.",Навигация к пункту назначения,all
"Держи курс на место высадки, все.",Навигация к пункту назначения,all
"Веди нас к точке прибытия, боты.",Навигация к пункту назначения,all
"боты, следуй к следующей цели.",Навигация к пункту назначения,all
"Следуй к заданной локации, экипаж.",Навигация к пункту назначения,all
"экипаж, плыви к заданной позиции.",Навигация к пункту назначения,all
"команда, получены координаты, двигайся к базе.",Навигация к пункту назначения,all
"боты, плыви к заданной точке.",Навигация к пункту назначения,all
"Плыви к месту операции, экипаж.",Навигация к пункту назначения,all
"боты, двигайся к указанной локации.",Навигация к пункту назначения,all
"Держи путь к цели, все.",Навигация к пункту назначения,all
"Направляйся к координатам, экипаж.",Навигация к пункту назначения,all
"Держи курс на место высадки, боты.",Навигация к пункту назначения,all
"боты, расширение миссии, задавай движение.",Навигация к пункту назначения,all
"Плыви к указанной цели, экипаж.",Навигация к пункту назначения,all
"экипаж, немедленно задавай движение!",Навигация к пункту назначения,all
"все, двигайся к назначенной базе.",Навигация к пункту назначения,all
"команда, направляйся к пункту прибытия.",Навигация к пункту назначения,all
"боты, смена миссии, двигайся к базе.",Навигация к пункту назначения,all
"Двигайся к заданной точке, экипаж.",Навигация к пункту назначения,all
"Вперёд к месту назначения, команда.",Навигация к пункту назначения,all
"Двигайся к целевой станции, экипаж.",Навигация к пункту назначения,all
"все, немедленно двигайся к базе!",Навигация к пункту назначения,all
"экипаж, расширение миссии, задавай движение.",Навигация к пункту назначения,all
"боты, плыви к точке встречи.",Навигация к пункту назначения,all
"экипаж, следуй к месту встречи.",Навигация к пункту назначения,all
"Следуй к месту выполнения задания, экипаж.",Навигация к пункту назначения,all
"команда, держи путь к точке прибытия.",Навигация к пункту назначения,all
"боты, направляй к локации.",Навигация к пункту назначения,all
"боты, курс на место высадки.",Навигация к пункту назначения,all
"Двигайся к целевой станции, боты.",Навигация к пункту назначения,all
"боты, дополнительная задача, держи курс.",Навигация к пункту назначения,all
"Плыви к указанному месту, все.",Навигация к пункту назначения,all
"боты, двигайся к месту операции.",Навигация к пункту назначения,all
"экипаж, приказ поступил, следуй к станции.",Навигация к пункту назначения,all
"экипаж, срочно направляйся к цели!",Навигация к пункту назначения,all
"боты, направляйся к следующей локации.",Навигация к пункту назначения,all
"боты, держи курс на цель маршрута.",Навигация к пункту назначения,all
"экипаж, новые указания, следуй к станции.",Навигация к пункту назначения,all
"Следуй к конечной точке, команда.",Навигация к пункту назначения,all
"экипаж, направляй к локации.",Навигация к пункту назначения,all
"команда, двигайся к следующей точке.",Навигация к пункту назначения,all
"кто здесь, изменение плана, плыви к точке.",Навигация к пункту назначения,near
"кто близко, двигайся к заданной точке.",Навигация к пункту назначения,near
"кто близко, курс к точке назначения.",Навигация к пункту назначения,near
"Плыви к координатам назначения, ближайший.",Навигация к пункту назначения,near
"Держи курс на цель, кто здесь.",Навигация к пункту назначения,near
"ближний, плыви к координатам назначения.",Навигация к пункту назначения,near
"ближний, направляй к локации.",Навигация к пункту назначения,near
"Следуй к конечной точке, ближайший.",Навигация к пункту назначения,near
"Двигайся к назначенной базе, кто здесь.",Навигация к пункту назначения,near
"кто близко, новые указания, следуй к станции.",Навигация к пункту назначения,near
"Направляйся к пункту назначения, кто рядом.",Навигация к пункту назначения,near
"Плыви к целевой локации, ближайший.",Навигация к пункту назначения,near
"эй ты, направляйся к пункту прибытия.",Навигация к пункту назначения,near
"ближайший, направляйся к следующей базе.",Навигация к пункту назначения,near
"кто близко, дополнительная задача, держи курс.",Навигация к пункту назначения,near
"кто близко, курс на целевую локацию.",Навигация к пункту назначения,near
"кто здесь, иди к целевой точке.",Навигация к пункту назначения,near
"кто рядом, курс на место высадки.",Навигация к пункту назначения,near
"Двигайся к месту назначения, кто здесь.",Навигация к пункту назначения,near
"кто близко, двигайся к месту высадки.",Навигация к пункту назначения,near
"ближайший, курс к точке назначения.",Навигация к пункту назначения,near
"кто рядом, курс на точку прибытия.",Навигация к пункту назначения,near
"кто рядом, направляйся к следующему порту.",Навигация к пункту назначения,near
"ближний, направляйся к координатам.",Навигация к пункту назначения,near
"кто здесь, обновление задания, направляйся к локации.",Навигация к пункту назначения,near
"кто рядом, двигайся к месту операции.",Навигация к пункту назначения,near
"кто рядом, следуй к месту назначения.",Навигация к пункту назначения,near
"эй ты, устанавливай направление.",Навигация к пункту назначения,near
"Держи путь к цели, кто здесь.",Навигация к пункту назначения,near
"Плыви к заданным координатам, ближайший.",Навигация к пункту назначения,near
"эй ты, направляйся к пункту назначения.",Навигация к пункту назначения,near
"ближний, немедленно двигайся к базе!",Навигация к пункту назначения,near
"ближний, обновление задания, направляйся к локации.",Навигация к пункту назначения,near
"кто здесь, держи курс на цель.",Навигация к пункту назначения,near
"эй ты, следуй к указанной точке.",Навигация к пункту назначения,near
"ближний, двигайся к следующей точке.",Навигация к пункту назначения,near
"кто рядом, держи курс на цель.",Навигация к пункту назначения,near
"ближайший, следуй к целевой зоне.",Навигация к пункту назначения,near
"Двигайся к целевой станции, ближайший.",Навигация к пункту назначения,near
"ближайший, подготовка завершена, задавай движение.",Навигация к пункту назначения,near
"ближайший, немедленно двигайся к базе!",Навигация к пункту назначения,near
"кто здесь, двигайся к назначенной базе.",Навигация к пункту назначения,near
"Следуй к заданной локации, кто близко.",Навигация к пункту назначения,near
"кто рядом, немедленно двигайся к базе!",Навигация к пункту назначения,near
"кто близко, немедленно двигайся к базе!",Навигация к пункту назначения,near
"ближайший, следуй к следующей цели.",Навигация к пункту назначения,near
"Следуй к указанной базе, кто рядом.",Навигация к пункту назначения,near
"кто близко, задавай движение к точке.",Навигация к пункту назначения,near
"кто рядом, направляйся к целевой базе.",Навигация к пункту назначения,near
"ближний, курс на следующую цель.",Навигация к пункту назначения,near
"кто здесь, направляйся к следующей базе.",Навигация к пункту назначения,near
"кто здесь, плыви к следующей станции.",Навигация к пункту назначения,near
"Веди нас к точке прибытия, кто близко.",Навигация к пункту назначения,near
"Следуй к указанной станции, эй ты.",Навигация к пункту назначения,near
"кто здесь, следуй к целевой зоне.",Навигация к пункту назначения,near
"Двигайся к месту операции, эй ты.",Навигация к пункту назначения,near
"кто рядом, новое задание, направляйся к цели.",Навигация к пункту назначения,near
"ближайший, задание получено, плыви к точке.",Навигация к пункту назначения,near
"кто здесь, прокладывай путь к базе.",Навигация к пункту назначения,near
"ближайший, двигайся к назначенной базе.",Навигация к пункту назначения,near
"Направляйся к следующей цели, ближайший.",Навигация к пункту назначения,near
"Веди к координатам назначения, кто здесь.",Навигация к пункту назначения,near
"эй ты, следуй к следующей цели.",Навигация к пункту назначения,near
"Двигайся к месту операции, кто рядом.",Навигация к пункту назначения,near
"кто рядом, всё готово, держи курс.",Навигация к пункту назначения,near
"кто близко, плыви к целевой точке.",Навигация к пункту назначения,near
"ближний, срочно следуй к станции!",Навигация к пункту назначения,near
"Следуй к назначенной точке, эй ты.",Навигация к пункту назначения,near
"Держи курс на цель маршрута, кто здесь.",Навигация к пункту назначения,near
"Направляйся к месту операции, эй ты.",Навигация к пункту назначения,near
"кто рядом, направляйся к следующей базе.",Навигация к пункту назначения,near
"эй ты, задавай курс к порту.",Навигация к пункту назначения,near
"ближний, новое задание, направляйся к цели.",Навигация к пункту назначения,near
"кто здесь, веди к координатам.",Навигация к пункту назначения,near
"кто близко, направляйся к точке назначения.",Навигация к пункту назначения,near
"кто рядом, двигайся к месту высадки.",Навигация к пункту назначения,near
"Следуй к указанным координатам, эй ты.",Навигация к пункту назначения,near
"ближний, плыви к следующей станции.",Навигация к пункту назначения,near
"Двигайся к месту операции, кто здесь.",Навигация к пункту назначения,near
"кто рядом, направляйся к назначенной базе.",Навигация к пункту назначения,near
"кто рядом, плыви к заданным координатам.",Навигация к пункту назначения,near
"эй ты, иди к целевой точке.",Навигация к пункту назначения,near
"эй ты, направляйся к целевой базе.",Навигация к пункту назначения,near
"кто близко, плыви к координатам назначения.",Навигация к пункту назначения,near
"Следуй к месту выполнения, кто близко.",Навигация к пункту назначения,near
"Плыви к координатам назначения, кто здесь.",Навигация к пункту назначения,near
"кто здесь, иди к месту операции.",Навигация к пункту назначения,near
"кто здесь, направляйся к назначенной базе.",Навигация к пункту назначения,near
"кто рядом, двигайся к следующей точке.",Навигация к пункту назначения,near
"кто близко, направляйся к координатам.",Навигация к пункту назначения,near
"кто близко, следуй к месту назначения.",Навигация к пункту назначения,near
"Направляйся к точке выхода, кто рядом.",Навигация к пункту назначения,near
"Держи путь к точке назначения, кто близко.",Навигация к пункту назначения,near
"кто здесь, курс на место высадки.",Навигация к пункту назначения,near
"ближайший, курс на следующую цель.",Навигация к пункту назначения,near
"ближайший, плыви к заданной зоне.",Навигация к пункту назначения,near
"кто рядом, иди к следующей базе.",Навигация к пункту назначения,near
"Направляйся к пункту назначения, ближний.",Навигация к пункту назначения,near
"Следуй к указанной базе, кто здесь.",Навигация к пункту назначения,near
"эй ты, пора действовать, направляйся к локации.",Навигация к пункту назначения,near
"Кэп, прекрати управление орудием.",Отстранение,Капитан
"Прекрати текущую операцию, Шкипер.",Отстранение,Капитан
"Прекрати текущую миссию, Капитан.",Отстранение,Капитан
"Оставь текущие обязанности, Шкипер.",Отстранение,Капитан
"Перестань работать над задачей, Кэп.",Отстранение,Капитан
"Останови текущий процесс, Капитан.",Отстранение,Капитан
"Кэп, задание завершено, прекрати выполнение.",Отстранение,Капитан
"Прекрати работать сейчас же, Кэп.",Отстранение,Капитан
"Капитан, прекрати текущее задание.",Отстранение,Капитан
"Оставь текущую работу, Кэп.",Отстранение,Капитан
"Капитан, оставь навигацию.",Отстранение,Капитан
"Отмени свои действия, Капитан.",Отстранение,Капитан
"Останови свою операцию, Кэп.",Отстранение,Капитан
"Отмени выполнение приказа, Шкипер.",Отстранение,Капитан
"Перестань работать на позиции, Кэп.",Отстранение,Капитан
"Кэп, сбой, останови деятельность!",Отстранение,Капитан
"Кэп, оставь позицию.",Отстранение,Капитан
"Отмени текущее дело, Шкипер.",Отстранение,Капитан
"Шкипер, отступи от орудия.",Отстранение,Капитан
"Отмени выполнение операции, Капитан.",Отстранение,Капитан
"Отмени выполнение позиции, Капитан.",Отстранение,Капитан
"Отмени выполнение приказа, Кэп.",Отстранение,Капитан
"Прекрати текущую позицию, Кэп.",Отстранение,Капитан
"Кэп, отмени действия.",Отстранение,Капитан
"Прекрати текущие обязанности, Кэп.",Отстранение,Капитан
"Прекрати заниматься этим, Шкипер.",Отстранение,Капитан
"Отмени текущие действия, Шкипер.",Отстранение,Капитан
"Шкипер, отмени проверку.",Отстранение,Капитан
"Шкипер, опасность, прекрати задание!",Отстранение,Капитан
"Капитан, новые указания, прекрати текущее.",Отстранение,Капитан
"Шкипер, перегрев, отойди от поста!",Отстранение,Капитан
"Оставь текущий пост, Кэп.",Отстранение,Капитан
"Отмени текущие позиции, Капитан.",Отстранение,Капитан
"Капитан, отмени действия.",Отстранение,Капитан
"Шкипер, быстро отмени задачу!",Отстранение,Капитан
"Шкипер, останови навигацию.",Отстранение,Капитан
"Перестань действовать, Капитан.",Отстранение,Капитан
"Отмени текущую работу, Кэп.",Отстранение,Капитан
"Капитан, прекрати управление орудием.",Отстранение,Капитан
"Отмени выполнение задания, Капитан.",Отстранение,Капитан
"Капитан, прекрати боевые действия.",Отстранение,Капитан
"Останови выполнение обязанностей, Кэп.",Отстранение,Капитан
"Кэп, отмени движение.",Отстранение,Капитан
"Останови выполнение, Кэп.",Отстранение,Капитан
"Перестань выполнять приказ, Шкипер.",Отстранение,Капитан
"Кэп, замыкание, оставь позицию!",Отстранение,Капитан
"Отмени текущие дела, Капитан.",Отстранение,Капитан
"Шкипер, оставь управление.",Отстранение,Капитан
"Шкипер, отмени движение.",Отстранение,Капитан
"Шкипер, угроза, отмени действия!",Отстранение,Капитан
"Отмени текущую работу, Шкипер.",Отстранение,Капитан
"Шкипер, смена задачи, останови выполнение.",Отстранение,Капитан
"Прекрати текущую операцию, Кэп.",Отстранение,Капитан
"Шкипер, отойди от поста.",Отстранение,Капитан
"Прекрати работать над позицией, Капитан.",Отстранение,Капитан
"Прекрати действовать сейчас же, Шкипер.",Отстранение,Капитан
"Отмени выполнение задания, Шкипер.",Отстранение,Капитан
"Капитан, приказ изменён, отмени действия.",Отстранение,Капитан
"Отмени свои действия, Шкипер.",Отстранение,Капитан
"Капитан, останови выполнение.",Отстранение,Капитан
"Прекрати действовать прямо сейчас, Шкипер.",Отстранение,Капитан
"Отмени выполнение операции, Кэп.",Отстранение,Капитан
"Шкипер, отмени операцию.",Отстранение,Капитан
"Прекрати работать над делом, Капитан.",Отстранение,Капитан
"Прекрати свою активность немедленно, Кэп.",Отстранение,Капитан
"Прекрати текущую задачу, Кэп.",Отстранение,Капитан
"Капитан, немедленно оставь позицию!",Отстранение,Капитан
"Кэп, отступи от орудия.",Отстранение,Капитан
"Прекрати текущую миссию, Шкипер.",Отстранение,Капитан
"Оставь текущую позицию, Капитан.",Отстранение,Капитан
"Останови текущие обязанности, Шкипер.",Отстранение,Капитан
"Шкипер, отойди от пульта.",Отстранение,Капитан
"Отмени текущие позиции, Кэп.",Отстранение,Капитан
"Оставь текущий пост, Шкипер.",Отстранение,Капитан
"Перестань выполнять текущее задание, Шкипер.",Отстранение,Капитан
"Прекрати работать над позицией, Кэп.",Отстранение,Капитан
"Отмени текущую миссию, Шкипер.",Отстранение,Капитан
"Останови текущие обязанности, Кэп.",Отстранение,Капитан
"Кэп, приказ изменён, отмени действия.",Отстранение,Капитан
"Прекрати свою активность, Шкипер.",Отстранение,Капитан
"Кэп, отойди от поста.",Отстранение,Капитан
"Капитан, останови зарядку.",Отстранение,Капитан
"Капитан, срочно отойди от поста!",Отстранение,Капитан
"Шкипер, оставь позицию.",Отстранение,Капитан
"Капитан, отмени процедуру.",Отстранение,Капитан
"Шкипер, прекрати управление орудием.",Отстранение,Капитан
"Останови текущее задание, Кэп.",Отстранение,Капитан
"Оставь текущую позицию, Шкипер.",Отстранение,Капитан
"Отмени текущую позицию, Капитан.",Отстранение,Капитан
"Капитан, корректировка плана, отмени работу.",Отстранение,Капитан
"Останови свою позицию, Шкипер.",Отстранение,Капитан
"Кэп, отмени задачу.",Отстранение,Капитан
"Перестань действовать, Шкипер.",Отстранение,Капитан
"Прекрати работу над задачей, Шкипер.",Отстранение,Капитан
"Шкипер, останови диагностику.",Отстранение,Капитан
"Перестань работать над миссией, Капитан.",Отстранение,Капитан
"Прекрати текущую задачу, Шкипер.",Отстранение,Капитан
"Прекрати свою позицию немедленно, Шкипер.",Отстранение,Капитан
"Перестань выполнять обязанности, Капитан.",Отстранение,Капитан
"Кэп, проверка оборудования, отмени операцию.",Отстранение,Капитан
"Охранник, новые указания, прекрати текущее.",Отстранение,Охранник
"Стражник, отмени процедуру.",Отстранение,Охранник
"Отмени текущее дело, Бодигард.",Отстранение,Охранник
"Отмени текущую работу, Охранник.",Отстранение,Охранник
"Перестань выполнять позицию, Стражник.",Отстранение,Охранник
"Отмени выполнение, Страж.",Отстранение,Охранник
"Отмени текущее занятие, Бодигард.",Отстранение,Охранник
"Останови текущую активность, Бодигард.",Отстранение,Охранник
"Стражник, корректировка плана, отмени работу.",Отстранение,Охранник
"Страж, покинь мостик.",Отстранение,Охранник
"Стражник, отступи от орудия.",Отстранение,Охранник
"Бодигард, оставь управление.",Отстранение,Охранник
"Отмени выполнение операции, Страж.",Отстранение,Охранник
"Охранник, замыкание, оставь позицию!",Отстранение,Охранник
"Стражник, новые указания, прекрати текущее.",Отстранение,Охранник
"Перестань работать на позиции, Стражник.",Отстранение,Охранник
"Бодигард, срочно отойди от поста!",Отстранение,Охранник
"Оставь текущую миссию, Охранник.",Отстранение,Охранник
"Отмени текущую миссию, Страж.",Отстранение,Охранник
"Бодигард, отступи от орудия.",Отстранение,Охранник
"Бодигард, отмени движение.",Отстранение,Охранник
"Прекрати текущую задачу, Бодигард.",Отстранение,Охранник
"Останови текущую миссию, Стражник.",Отстранение,Охранник
"Прекрати действовать срочно, Стражник.",Отстранение,Охранник
"Охранник, авария, останови выполнение!",Отстранение,Охранник
"Оставь текущие обязанности, Охранник.",Отстранение,Охранник
"Бодигард, прекрати ремонт.",Отстранение,Охранник
"Стражник, повреждения, отмени задачу!",Отстранение,Охранник
"Прекрати свою позицию, Страж.",Отстранение,Охранник
"Перестань выполнять текущее задание, Стражник.",Отстранение,Охранник
"Стражник, останови управление.",Отстранение,Охранник
"Страж, покинь отсек.",Отстранение,Охранник
"Прекрати свою активность, Охранник.",Отстранение,Охранник
"Останови выполнение обязанностей, Бодигард.",Отстранение,Охранник
"Перестань выполнять дело, Стражник.",Отстранение,Охранник
"Прекрати выполнение приказа, Бодигард.",Отстранение,Охранник
"Отмени текущую позицию, Охранник.",Отстранение,Охранник
"Прекрати свою активность немедленно, Бодигард.",Отстранение,Охранник
"Оставь текущую позицию, Стражник.",Отстранение,Охранник
"Останови выполнение, Стражник.",Отстранение,Охранник
"Бодигард, останови диагностику.",Отстранение,Охранник
"Останови свою миссию, Страж.",Отстранение,Охранник
"Стражник, перегрузка, покинь станцию!",Отстранение,Охранник
"Прекрати текущую задачу, Стражник.",Отстранение,Охранник
"Охранник, покинь мостик.",Отстранение,Охранник
"Страж, покинь станцию.",Отстранение,Охранник
"Прекрати свою деятельность немедленно, Бодигард.",Отстранение,Охранник
"Прекрати текущую миссию, Стражник.",Отстранение,Охранник
"Перестань действовать, Охранник.",Отстранение,Охранник
"Страж, перерыв в работе, прекрати деятельность.",Отстранение,Охранник
"Страж, задание завершено, прекрати выполнение.",Отстранение,Охранник
"Страж, немедленно останови выполнение!",Отстранение,Охранник
"Охранник, оставь позицию.",Отстранение,Охранник
"Прекрати текущую деятельность, Стражник.",Отстранение,Охранник
"Стражник, отмени миссию.",Отстранение,Охранник
"Охранник, перерыв в работе, прекрати деятельность.",Отстранение,Охранник
"Отмени свои текущие действия, Стражник.",Отстранение,Охранник
"Отмени текущие обязанности, Страж.",Отстранение,Охранник
"Бодигард, отмени проверку.",Отстранение,Охранник
"Стражник, немедленно останови выполнение!",Отстранение,Охранник
"Прекрати свою активность, Бодигард.",Отстранение,Охранник
"Прекрати свою позицию немедленно, Охранник.",Отстранение,Охранник
"Отмени текущую операцию, Бодигард.",Отстранение,Охранник
"Бодигард, покинь мостик.",Отстранение,Охранник
"Отмени текущую миссию, Бодигард.",Отстранение,Охранник
"Прекрати работу над задачей, Охранник.",Отстранение,Охранник
"Прекрати свою активность немедленно, Охранник.",Отстранение,Охранник
"Прекрати выполнение приказа, Стражник.",Отстранение,Охранник
"Страж, прекрати управление орудием.",Отстранение,Охранник
"Стражник, отмени задачу.",Отстранение,Охранник
"Перестань выполнять операцию, Страж.",Отстранение,Охранник
"Оставь текущий пост, Стражник.",Отстранение,Охранник
"Останови выполнение обязанностей, Охранник.",Отстранение,Охранник
"Останови выполнение, Бодигард.",Отстранение,Охранник
"Останови текущую активность, Стражник.",Отстранение,Охранник
"Останови свою работу, Охранник.",Отстранение,Охранник
"Прекрати свою позицию, Стражник.",Отстранение,Охранник
"Охранник, быстро покинь станцию!",Отстранение,Охранник
"Страж, корректировка плана, отмени работу.",Отстранение,Охранник
"Отмени выполнение задания, Стражник.",Отстранение,Охранник
"Останови текущие действия, Стражник.",Отстранение,Охранник
"Страж, быстро отмени действия!",Отстранение,Охранник
"Отмени текущую миссию, Охранник.",Отстранение,Охранник
"Страж, останови выполнение.",Отстранение,Охранник
"Отмени выполнение дела, Страж.",Отстранение,Охранник
"Охранник, отмени задачу.",Отстранение,Охранник
"Останови свою деятельность, Бодигард.",Отстранение,Охранник
"Прекрати работать над заданием, Бодигард.",Отстранение,Охранник
"Бодигард, срочно прекрати работу!",Отстранение,Охранник
"Охранник, отступи от системы.",Отстранение,Охранник
"Прекрати свою деятельность, Страж.",Отстранение,Охранник
"Отмени свои действия, Стражник.",Отстранение,Охранник
"Отмени текущие позиции, Бодигард.",Отстранение,Охранник
"Страж, срочно отойди от поста!",Отстранение,Охранник
"Останови текущую активность, Охранник.",Отстранение,Охранник
"Стражник, оставь позицию.",Отстранение,Охранник
"Оставь текущую позицию, Охранник.",Отстранение,Охранник
"Отмени текущее дело, Страж.",Отстранение,Охранник
"Страж, останови диагностику.",Отстранение,Охранник
"Страж, техническое обслуживание, останови систему.",Отстранение,Охранник
"Врач, отмени движение.",Отстранение,Медик
"Врач, прекрати ремонт.",Отстранение,Медик
"Доктор, останови деятельность.",Отстранение,Медик
"Перестань работать над задачей, Доктор.",Отстранение,Медик
"Лекарь, отмени задачу.",Отстранение,Медик
"Прекрати заниматься этим, Врач.",Отстранение,Медик
"Врач, перегрев, отойди от поста!",Отстранение,Медик
"Доктор, немедленно оставь позицию!",Отстранение,Медик
"Останови текущий процесс, Лекарь.",Отстранение,Медик
"Лекарь, угроза, отмени действия!",Отстранение,Медик
"Врач, немедленно оставь позицию!",Отстранение,Медик
"Отмени текущую позицию, Лекарь.",Отстранение,Медик
"Прекрати текущую позицию, Врач.",Отстранение,Медик
"Доктор, отмени действия.",Отстранение,Медик
"Отмени текущее дело, Врач.",Отстранение,Медик
"Доктор, миссия отменена, останови работу.",Отстранение,Медик
"Отмени текущую деятельность, Доктор.",Отстранение,Медик
"Перестань выполнять операцию, Медик.",Отстранение,Медик
"Отмени свою текущую задачу, Медик.",Отстранение,Медик
"Отмени приказ, Лекарь.",Отстранение,Медик
"Прекрати свою позицию, Лекарь.",Отстранение,Медик
"Прекрати текущую операцию, Доктор.",Отстранение,Медик
"Доктор, отмени проверку.",Отстранение,Медик
"Перестань работать, Лекарь.",Отстранение,Медик
"Врач, оставь навигацию.",Отстранение,Медик
"Оставь текущую задачу, Доктор.",Отстранение,Медик
"Медик, немедленно оставь позицию!",Отстранение,Медик
"Прекрати действовать сейчас же, Врач.",Отстранение,Медик
"Останови текущее дело, Лекарь.",Отстранение,Медик
"Отмени свою работу, Лекарь.",Отстранение,Медик
"Прекрати работать над заданием, Лекарь.",Отстранение,Медик
"Медик, быстро отмени действия!",Отстранение,Медик
"Прекрати свою работу немедленно, Врач.",Отстранение,Медик
"Врач, покинь отсек.",Отстранение,Медик
"Останови свою операцию, Медик.",Отстранение,Медик
"Врач, останови выполнение.",Отстранение,Медик
"Прекрати свою позицию немедленно, Доктор.",Отстранение,Медик
"Отмени текущее дело, Медик.",Отстранение,Медик
"Лекарь, прекрати стрельбу.",Отстранение,Медик
"Оставь текущее дело, Врач.",Отстранение,Медик
"Прекрати заниматься этим, Лекарь.",Отстранение,Медик
"Доктор, останови технические работы.",Отстранение,Медик
"Перестань работать, Медик.",Отстранение,Медик
"Отмени текущую миссию, Врач.",Отстранение,Медик
"Прекрати действовать немедленно, Лекарь.",Отстранение,Медик
"Перестань выполнять текущее задание, Медик.",Отстранение,Медик
"Оставь текущее дело, Лекарь.",Отстранение,Медик
"Медик, отмени подготовку.",Отстранение,Медик
"Перестань выполнять приказ, Лекарь.",Отстранение,Медик
"Доктор, оставь управление.",Отстранение,Медик
"Врач, смена задачи, останови выполнение.",Отстранение,Медик
"Останови текущие обязанности, Лекарь.",Отстранение,Медик
"Останови текущую операцию, Врач.",Отстранение,Медик
"Отмени текущие позиции, Лекарь.",Отстранение,Медик
"Медик, замыкание, оставь позицию!",Отстранение,Медик
"Доктор, техническое обслуживание, останови систему.",Отстранение,Медик
"Лекарь, отмени подготовку.",Отстранение,Медик
"Врач, прекрати боевые действия.",Отстранение,Медик
"Лекарь, оставь позицию.",Отстранение,Медик
"Прекрати свою деятельность немедленно, Лекарь.",Отстранение,Медик
"Доктор, останови управление.",Отстранение,Медик
"Медик, опасность, прекрати задание!",Отстранение,Медик
"Останови текущую активность, Доктор.",Отстранение,Медик
"Врач, техническое обслуживание, останови систему.",Отстранение,Медик
"Перестань выполнять текущее задание, Лекарь.",Отстранение,Медик
"Отмени выполнение операции, Медик.",Отстранение,Медик
"Прекрати свою позицию немедленно, Врач.",Отстранение,Медик
"Отмени выполнение операции, Доктор.",Отстранение,Медик
"Останови текущее задание, Лекарь.",Отстранение,Медик
"Медик, останови диагностику.",Отстранение,Медик
"Останови свою задачу, Доктор.",Отстранение,Медик
"Лекарь, проверка оборудования, отмени операцию.",Отстранение,Медик
"Прекрати свою текущую работу, Доктор.",Отстранение,Медик
"Оставь текущую работу, Лекарь.",Отстранение,Медик
"Отмени выполнение миссии, Доктор.",Отстранение,Медик
"Медик, перерыв в работе, прекрати деятельность.",Отстранение,Медик
"Доктор, прекрати боевые действия.",Отстранение,Медик
"Врач, прекрати работу.",Отстранение,Медик
"Останови текущие обязанности, Врач.",Отстранение,Медик
"Прекрати свою активность, Лекарь.",Отстранение,Медик
"Останови свою деятельность, Медик.",Отстранение,Медик
"Останови текущее задание, Врач.",Отстранение,Медик
"Доктор, покинь мостик.",Отстранение,Медик
"Останови текущую операцию, Медик.",Отстранение,Медик
"Врач, отмени задачу.",Отстранение,Медик
"Прекрати свою работу немедленно, Медик.",Отстранение,Медик
"Отмени текущую работу, Лекарь.",Отстранение,Медик
"Перестань выполнять текущее задание, Врач.",Отстранение,Медик
"Лекарь, повреждения, отмени задачу!",Отстранение,Медик
"Отмени свои текущие действия, Доктор.",Отстранение,Медик
"Лекарь, отмени действия.",Отстранение,Медик
"Прекрати выполнение приказа, Врач.",Отстранение,Медик
"Медик, отмени действия.",Отстранение,Медик
"Останови выполнение, Доктор.",Отстранение,Медик
"Прекрати свою текущую работу, Лекарь.",Отстранение,Медик
"Останови свою деятельность, Врач.",Отстранение,Медик
"Доктор, немедленно останови деятельность!",Отстранение,Медик
"Лекарь, неполадки, прекрати работу!",Отстранение,Медик
"Отмени текущую задачу, Лекарь.",Отстранение,Медик
"Останови свою операцию, Врач.",Отстранение,Медик
"Останови текущую миссию, Инженер.",Отстранение,Инженер
"Отмени свои действия, Техник.",Отстранение,Инженер
"Отмени текущие обязанности, Инженер.",Отстранение,Инженер
"Прекрати свою деятельность немедленно, Техник.",Отстранение,Инженер
"Техник, отступи от системы.",Отстранение,Инженер
"Техник, покинь отсек.",Отстранение,Инженер
"Отмени выполнение операции, Инженер.",Отстранение,Инженер
"Отмени текущую миссию, Инженер.",Отстранение,Инженер
"Отмени текущую операцию, Инженер.",Отстранение,Инженер
"Отмени текущую позицию, Техник.",Отстранение,Инженер
"Отмени текущую работу, Техник.",Отстранение,Инженер
"Прекрати текущую операцию, Техник.",Отстранение,Инженер
"Инженер, отмени движение.",Отстранение,Инженер
"Техник, отмени движение.",Отстранение,Инженер
"Отмени текущие позиции, Техник.",Отстранение,Инженер
"Техник, неполадки, прекрати работу!",Отстранение,Инженер
"Инженер, опасность, прекрати задание!",Отстранение,Инженер
"Останови текущее действие, Инженер.",Отстранение,Инженер
"Инженер, останови диагностику.",Отстранение,Инженер
"Прекрати выполнение приказа, Техник.",Отстранение,Инженер
"Техник, перерыв в работе, прекрати деятельность.",Отстранение,Инженер
"Техник, останови технические работы.",Отстранение,Инженер
"Отмени выполнение задания, Техник.",Отстранение,Инженер
"Прекрати работать над заданием, Техник.",Отстранение,Инженер
"Прекрати свою активность немедленно, Инженер.",Отстранение,Инженер
"Перестань работать на позиции, Инженер.",Отстранение,Инженер
"Отмени выполнение операции, Техник.",Отстранение,Инженер
"Отойди от своего поста, Инженер.",Отстранение,Инженер
"Инженер, миссия отменена, останови работу.",Отстранение,Инженер
"Техник, срочно отойди от поста!",Отстранение,Инженер
"Оставь текущую позицию, Инженер.",Отстранение,Инженер
"Останови выполнение обязанностей, Техник.",Отстранение,Инженер
"Прекрати работать над позицией, Инженер.",Отстранение,Инженер
"Оставь текущие обязанности, Техник.",Отстранение,Инженер
"Прекрати работать над делом, Инженер.",Отстранение,Инженер
"Оставь текущий пост, Инженер.",Отстранение,Инженер
"Техник, быстро покинь станцию!",Отстранение,Инженер
"Останови текущую активность, Инженер.",Отстранение,Инженер
"Останови свою миссию, Техник.",Отстранение,Инженер
"Техник, отмени подготовку.",Отстранение,Инженер
"Оставь текущую операцию, Техник.",Отстранение,Инженер
"Отмени текущую работу, Инженер.",Отстранение,Инженер
"Техник, останови выполнение.",Отстранение,Инженер
"Инженер, отмени проверку.",Отстранение,Инженер
"Техник, оставь позицию.",Отстранение,Инженер
"Прекрати свою позицию, Инженер.",Отстранение,Инженер
"Инженер, немедленно останови деятельность!",Отстранение,Инженер
"Останови текущее дело, Техник.",Отстранение,Инженер
"Перестань выполнять позицию, Техник.",Отстранение,Инженер
"Останови текущие обязанности, Техник.",Отстранение,Инженер
"Останови текущее действие, Техник.",Отстранение,Инженер
"Отмени текущее дело, Инженер.",Отстранение,Инженер
"Инженер, останови деятельность.",Отстранение,Инженер
"Техник, останови диагностику.",Отстранение,Инженер
"Останови текущую активность, Техник.",Отстранение,Инженер
"Прекрати текущую миссию, Техник.",Отстранение,Инженер
"Останови работу, Инженер.",Отстранение,Инженер
"Инженер, оставь позицию.",Отстранение,Инженер
"Прекрати свою работу немедленно, Инженер.",Отстранение,Инженер
"Останови текущий процесс, Инженер.",Отстранение,Инженер
"Прекрати работать над позицией, Техник.",Отстранение,Инженер
"Инженер, перегрев, отойди от поста!",Отстранение,Инженер
"Отмени текущие обязанности, Техник.",Отстранение,Инженер
"Останови свою деятельность, Техник.",Отстранение,Инженер
"Останови текущую миссию, Техник.",Отстранение,Инженер
"Оставь текущую работу, Техник.",Отстранение,Инженер
"Инженер, проверка оборудования, отмени операцию.",Отстранение,Инженер
"Техник, перегрузка, покинь станцию!",Отстранение,Инженер
"Отмени свои текущие обязанности, Техник.",Отстранение,Инженер
"Прекрати текущие обязанности, Инженер.",Отстранение,Инженер
"Останови свою задачу, Инженер.",Отстранение,Инженер
"Инженер, прекрати текущее задание.",Отстранение,Инженер
"Перестань работать над миссией, Инженер.",Отстранение,Инженер
"Отмени текущую позицию, Инженер.",Отстранение,Инженер
"Инженер, покинь рубку.",Отстранение,Инженер
"Останови текущую операцию, Техник.",Отстранение,Инженер
"Техник, срочно прекрати работу!",Отстранение,Инженер
"Отмени текущую миссию, Техник.",Отстранение,Инженер
"Останови выполнение миссии, Инженер.",Отстранение,Инженер
"Инженер, останови управление.",Отстранение,Инженер
"Инженер, останови работу системы.",Отстранение,Инженер
"Инженер, техническое обслуживание, останови систему.",Отстранение,Инженер
"Перестань выполнять операцию, Техник.",Отстранение,Инженер
"Инженер, перерыв в работе, прекрати деятельность.",Отстранение,Инженер
"Техник, прекрати управление орудием.",Отстранение,Инженер
"Инженер, покинь станцию.",Отстранение,Инженер
"Прекрати действовать, Техник.",Отстранение,Инженер
"Отмени выполнение позиции, Техник.",Отстранение,Инженер
"Техник, останови управление.",Отстранение,Инженер
"Оставь текущее дело, Инженер.",Отстранение,Инженер
"Останови свою деятельность, Инженер.",Отстранение,Инженер
"Техник, покинь рубку.",Отстранение,Инженер
"Останови свою позицию, Инженер.",Отстранение,Инженер
"Инженер, отмени подготовку.",Отстранение,Инженер
"Прекрати работу на посту, Инженер.",Отстранение,Инженер
"Перестань выполнять обязанности, Инженер.",Отстранение,Инженер
"Прекрати свою текущую работу, Инженер.",Отстранение,Инженер
"Техник, быстро отмени действия!",Отстранение,Инженер
"Техник, немедленно останови выполнение!",Отстранение,Инженер
"Перестань работать на позиции, Техник.",Отстранение,Инженер
"Отмени текущие действия, Ремонтник.",Отстранение,Механик
"Останови свою работу, Слесарь.",Отстранение,Механик
"Отмени текущую задачу, Ремонтник.",Отстранение,Механик
"Перестань выполнять текущее задание, Слесарь.",Отстранение,Механик
"Механик, покинь рубку.",Отстранение,Механик
"Отмени текущие позиции, Ремонтник.",Отстранение,Механик
"Ремонтник, авария, останови выполнение!",Отстранение,Механик
"Отмени выполнение задания, Слесарь.",Отстранение,Механик
"Прекрати работу над задачей, Слесарь.",Отстранение,Механик
"Механик, задание завершено, прекрати выполнение.",Отстранение,Механик
"Прекрати текущую позицию, Слесарь.",Отстранение,Механик
"Отмени выполнение позиции, Ремонтник.",Отстранение,Механик
"Слесарь, авария, останови выполнение!",Отстранение,Механик
"Механик, быстро отмени действия!",Отстранение,Механик
"Оставь текущую операцию, Слесарь.",Отстранение,Механик
"Слесарь, быстро отмени задачу!",Отстранение,Механик
"Механик, останови управление.",Отстранение,Механик
"Перестань работать над миссией, Ремонтник.",Отстранение,Механик
"Прекрати свою активность немедленно, Слесарь.",Отстранение,Механик
"Перестань выполнять дело, Механик.",Отстранение,Механик
"Прекрати работу над задачей, Механик.",Отстранение,Механик
"Останови текущие действия, Ремонтник.",Отстранение,Механик
"Слесарь, корректировка плана, отмени работу.",Отстранение,Механик
"Механик, покинь отсек.",Отстранение,Механик
"Останови текущее дело, Механик.",Отстранение,Механик
"Оставь текущее занятие, Ремонтник.",Отстранение,Механик
"Механик, останови деятельность.",Отстранение,Механик
"Ремонтник, отмени процедуру.",Отстранение,Механик
"Останови текущие обязанности, Механик.",Отстранение,Механик
"Останови свою операцию, Ремонтник.",Отстранение,Механик
"Прекрати текущие обязанности, Слесарь.",Отстранение,Механик
"Останови текущую миссию, Ремонтник.",Отстранение,Механик
"Ремонтник, срочно прекрати работу!",Отстранение,Механик
"Отмени выполнение дела, Ремонтник.",Отстранение,Механик
"Останови текущие обязанности, Ремонтник.",Отстранение,Механик
"Механик, отмени действия.",Отстранение,Механик
"Слесарь, отойди от пульта.",Отстранение,Механик
"Слесарь, отступи от системы.",Отстранение,Механик
"Слесарь, проверка оборудования, отмени операцию.",Отстранение,Механик
"Механик, немедленно останови деятельность!",Отстранение,Механик
"Отмени текущие позиции, Механик.",Отстранение,Механик
"Ремонтник, срочно прекрати задание!",Отстранение,Механик
"Прекрати действовать прямо сейчас, Механик.",Отстранение,Механик
"Отойди от своего поста, Механик.",Отстранение,Механик
"Останови свою деятельность, Слесарь.",Отстранение,Механик
"Прекрати действовать прямо сейчас, Слесарь.",Отстранение,Механик
"Слесарь, неполадки, прекрати работу!",Отстранение,Механик
"Механик, останови работу системы.",Отстранение,Механик
"Механик, проверка оборудования, отмени операцию.",Отстранение,Механик
"Ремонтник, отмени подготовку.",Отстранение,Механик
"Останови текущую миссию, Механик.",Отстранение,Механик
"Прекрати свою миссию, Слесарь.",Отстранение,Механик
"Слесарь, отмени подготовку.",Отстранение,Механик
"Перестань выполнять текущее задание, Механик.",Отстранение,Механик
"Оставь текущую миссию, Механик.",Отстранение,Механик
"Прекрати действовать немедленно, Слесарь.",Отстранение,Механик
"Перестань действовать, Слесарь.",Отстранение,Механик
"Отмени текущее дело, Механик.",Отстранение,Механик
"Перестань выполнять обязанности, Механик.",Отстранение,Механик
"Перестань выполнять приказ, Механик.",Отстранение,Механик
"Слесарь, немедленно оставь позицию!",Отстранение,Механик
"Ремонтник, перерыв в работе, прекрати деятельность.",Отстранение,Механик
"Отмени свою текущую задачу, Механик.",Отстранение,Механик
"Прекрати действовать сейчас же, Слесарь.",Отстранение,Механик
"Отмени текущие обязанности, Ремонтник.",Отстранение,Механик
"Прекрати текущую миссию, Механик.",Отстранение,Механик
"Прекрати действовать срочно, Слесарь.",Отстранение,Механик
"Отмени свои текущие обязанности, Слесарь.",Отстранение,Механик
"Оставь текущую работу, Механик.",Отстранение,Механик
"Ремонтник, приказ изменён, отмени действия.",Отстранение,Механик
"Отмени приказ, Механик.",Отстранение,Механик
"Отмени выполнение приказа, Механик.",Отстранение,Механик
"Отмени текущую миссию, Механик.",Отстранение,Механик
"Прекрати работать над делом, Механик.",Отстранение,Механик
"Механик, отмени операцию.",Отстранение,Механик
"Слесарь, прекрати стрельбу.",Отстранение,Механик
"Оставь текущую задачу, Слесарь.",Отстранение,Механик
"Прекрати текущую операцию, Слесарь.",Отстранение,Механик
"Прекрати свою работу, Ремонтник.",Отстранение,Механик
"Останови выполнение миссии, Механик.",Отстранение,Механик
"Механик, отмени подготовку.",Отстранение,Механик
"Ремонтник, быстро отмени задачу!",Отстранение,Механик
"Механик, опасность, прекрати задание!",Отстранение,Механик
"Прекрати текущую операцию, Ремонтник.",Отстранение,Механик
"Прекрати свою деятельность немедленно, Слесарь.",Отстранение,Механик
"Слесарь, быстро покинь станцию!",Отстранение,Механик
"Перестань работать над миссией, Слесарь.",Отстранение,Механик
"Механик, повреждения, отмени задачу!",Отстранение,Механик
"Прекрати работать над позицией, Слесарь.",Отстранение,Механик
"Слесарь, останови управление.",Отстранение,Механик
"Останови текущее действие, Механик.",Отстранение,Механик
"Отмени текущее занятие, Ремонтник.",Отстранение,Механик
"Слесарь, прекрати обслуживание.",Отстранение,Механик
"Перестань выполнять обязанности, Слесарь.",Отстранение,Механик
"Ремонтник, останови диагностику.",Отстранение,Механик
"Отмени текущее дело, Слесарь.",Отстранение,Механик
"Ремонтник, отмени движение.",Отстранение,Механик
"Отмени выполнение позиции, Механик.",Отстранение,Механик
"Останови выполнение, Ремонтник.",Отстранение,Механик
"Перестань работать на позиции, Слесарь.",Отстранение,Механик
"Оставь текущую задачу, Новичок.",Отстранение,Помощник
"Юнга, отмени задачу.",Отстранение,Помощник
"Останови текущую активность, Помощник.",Отстранение,Помощник
"Помощник, останови технические работы.",Отстранение,Помощник
"Перестань работать над задачей, Новичок.",Отстранение,Помощник
"Отмени текущую операцию, Помощник.",Отстранение,Помощник
"Прекрати свою работу немедленно, Юнга.",Отстранение,Помощник
"Останови текущую миссию, Новичок.",Отстранение,Помощник
"Прекрати действовать прямо сейчас, Юнга.",Отстранение,Помощник
"Помощник, останови работу системы.",Отстранение,Помощник
"Отмени текущую деятельность, Коллега.",Отстранение,Помощник
"Отмени свои текущие действия, Новичок.",Отстранение,Помощник
"Отмени свою работу, Юнга.",Отстранение,Помощник
"Останови свою позицию, Новичок.",Отстранение,Помощник
"Коллега, отступи от орудия.",Отстранение,Помощник
"Оставь текущие обязанности, Новичок.",Отстранение,Помощник
"Отмени текущее занятие, Новичок.",Отстранение,Помощник
"Останови выполнение миссии, Помощник.",Отстранение,Помощник
"Отмени текущую миссию, Коллега.",Отстранение,Помощник
"Отмени свои действия, Коллега.",Отстранение,Помощник
"Помощник, останови зарядку.",Отстранение,Помощник
"Коллега, миссия отменена, останови работу.",Отстранение,Помощник
"Помощник, останови навигацию.",Отстранение,Помощник
"Помощник, останови выполнение.",Отстранение,Помощник
"Коллега, прекрати управление орудием.",Отстранение,Помощник
"Отмени текущее дело, Юнга.",Отстранение,Помощник
"Помощник, отмени движение.",Отстранение,Помощник
"Помощник, срочно прекрати работу!",Отстранение,Помощник
"Отмени свои действия, Новичок.",Отстранение,Помощник
"Перестань действовать, Юнга.",Отстранение,Помощник
"Отмени текущую работу, Юнга.",Отстранение,Помощник
"Прекрати выполнение миссии, Помощник.",Отстранение,Помощник
"Коллега, прекрати текущее задание.",Отстранение,Помощник
"Перестань работать над миссией, Коллега.",Отстранение,Помощник
"Прекрати работу над задачей, Юнга.",Отстранение,Помощник
"Прекрати свою деятельность немедленно, Коллега.",Отстранение,Помощник
"Останови свою задачу, Новичок.",Отстранение,Помощник
"Прекрати действовать срочно, Коллега.",Отстранение,Помощник
"Новичок, отойди от пульта.",Отстранение,Помощник
"Новичок, прекрати работу.",Отстранение,Помощник
"Юнга, повреждения, отмени задачу!",Отстранение,Помощник
"Отмени текущее дело, Помощник.",Отстранение,Помощник
"Новичок, немедленно оставь позицию!",Отстранение,Помощник
"Новичок, останови диагностику.",Отстранение,Помощник
"Помощник, отмени подготовку.",Отстранение,Помощник
"Отмени текущие позиции, Юнга.",Отстранение,Помощник
"Юнга, прекрати боевые действия.",Отстранение,Помощник
"Прекрати текущую деятельность, Юнга.",Отстранение,Помощник
"Оставь текущие обязанности, Коллега.",Отстранение,Помощник
"Отмени свою работу, Новичок.",Отстранение,Помощник
"Оставь текущий пост, Помощник.",Отстранение,Помощник
"Останови текущее дело, Юнга.",Отстранение,Помощник
"Коллега, быстро отмени задачу!",Отстранение,Помощник
"Останови выполнение задачи, Коллега.",Отстранение,Помощник
"Прекрати выполнение приказа, Помощник.",Отстранение,Помощник
"Помощник, опасность, прекрати задание!",Отстранение,Помощник
"Помощник, оставь управление.",Отстранение,Помощник
"Прекрати действовать сейчас же, Юнга.",Отстранение,Помощник
"Отмени текущую операцию, Юнга.",Отстранение,Помощник
"Прекрати работать сейчас же, Новичок.",Отстранение,Помощник
"Отмени текущие действия, Помощник.",Отстранение,Помощник
"Останови текущие действия, Помощник.",Отстранение,Помощник
"Останови выполнение обязанностей, Новичок.",Отстранение,Помощник
"Отмени приказ, Юнга.",Отстранение,Помощник
"Отмени выполнение дела, Юнга.",Отстранение,Помощник
"Юнга, угроза, отмени действия!",Отстранение,Помощник
"Оставь текущую задачу, Коллега.",Отстранение,Помощник
"Прекрати свою позицию, Новичок.",Отстранение,Помощник
"Коллега, отступи от системы.",Отстранение,Помощник
"Помощник, перерыв в работе, прекрати деятельность.",Отстранение,Помощник
"Помощник, неполадки, прекрати работу!",Отстранение,Помощник
"Оставь текущую позицию, Новичок.",Отстранение,Помощник
"Юнга, отступи от системы.",Отстранение,Помощник
"Перестань выполнять операцию, Новичок.",Отстранение,Помощник
"Перестань выполнять приказ, Помощник.",Отстранение,Помощник
"Новичок, отмени процедуру.",Отстранение,Помощник
"Останови текущие обязанности, Помощник.",Отстранение,Помощник
"Коллега, прекрати стрельбу.",Отстранение,Помощник
"Прекрати свою деятельность, Юнга.",Отстранение,Помощник
"Отмени текущую работу, Помощник.",Отстранение,Помощник
"Оставь текущую задачу, Юнга.",Отстранение,Помощник
"Перестань работать над миссией, Помощник.",Отстранение,Помощник
"Прекрати свою активность немедленно, Коллега.",Отстранение,Помощник
"Прекрати текущую позицию, Помощник.",Отстранение,Помощник
"Перестань выполнять позицию, Коллега.",Отстранение,Помощник
"Останови свою миссию, Коллега.",Отстранение,Помощник
"Прекрати текущую деятельность, Коллега.",Отстранение,Помощник
"Оставь текущую операцию, Помощник.",Отстранение,Помощник
"Новичок, срочно отойди от поста!",Отстранение,Помощник
"Прекрати свою позицию немедленно, Новичок.",Отстранение,Помощник
"Оставь текущее занятие, Юнга.",Отстранение,Помощник
"Отмени текущее дело, Новичок.",Отстранение,Помощник
"Останови текущее дело, Новичок.",Отстранение,Помощник
"Коллега, отмени операцию.",Отстранение,Помощник
"Останови текущее действие, Помощник.",Отстранение,Помощник
"Прекрати свою деятельность немедленно, Юнга.",Отстранение,Помощник
"Перестань работать над миссией, Новичок.",Отстранение,Помощник
"Новичок, перегрев, отойди от поста!",Отстранение,Помощник
"Прекрати работу на посту, Новичок.",Отстранение,Помощник
"Оставь текущий пост, Коллега.",Отстранение,Помощник
"Прекрати свою позицию немедленно, экипаж.",Отстранение,all
"все, останови работу системы.",Отстранение,all
"все, покинь станцию.",Отстранение,all
"Прекрати свою позицию, экипаж.",Отстранение,all
"Оставь текущее дело, команда.",Отстранение,all
"Прекрати текущую деятельность, экипаж.",Отстранение,all
"Прекрати свою деятельность, боты.",Отстранение,all
"Отмени свои действия, экипаж.",Отстранение,all
"Останови выполнение обязанностей, экипаж.",Отстранение,all
"Оставь текущую работу, боты.",Отстранение,all
"Прекрати работать над делом, экипаж.",Отстранение,all
"Останови свою деятельность, все.",Отстранение,all
"Прекрати работу на посту, все.",Отстранение,all
"Отмени текущее дело, команда.",Отстранение,all
"боты, проверка оборудования, отмени операцию.",Отстранение,all
"Оставь текущую операцию, экипаж.",Отстранение,all
"Прекрати текущую задачу, боты.",Отстранение,all
"экипаж, корректировка плана, отмени работу.",Отстранение,all
"Оставь текущую операцию, команда.",Отстранение,all
"Прекрати текущую миссию, боты.",Отстранение,all
"команда, останови навигацию.",Отстранение,all
"Отмени свои действия, команда.",Отстранение,all
"Останови текущее дело, экипаж.",Отстранение,all
"Прекрати текущую деятельность, все.",Отстранение,all
"Отмени текущую деятельность, экипаж.",Отстранение,all
"Оставь текущие обязанности, экипаж.",Отстранение,all
"Отмени текущую работу, команда.",Отстранение,all
"Отмени свои текущие обязанности, команда.",Отстранение,all
"Перестань выполнять позицию, экипаж.",Отстранение,all
"Оставь текущее дело, все.",Отстранение,all
"Останови выполнение миссии, экипаж.",Отстранение,all
"Оставь текущую позицию, боты.",Отстранение,all
"экипаж, отойди от пульта.",Отстранение,all
"Отмени выполнение операции, все.",Отстранение,all
"Останови свою миссию, команда.",Отстранение,all
"Останови выполнение миссии, команда.",Отстранение,all
"боты, прекрати управление орудием.",Отстранение,all
"Отмени текущую работу, экипаж.",Отстранение,all
"Останови свою операцию, экипаж.",Отстранение,all
"Прекрати действовать срочно, экипаж.",Отстранение,all
"экипаж, отступи от орудия.",Отстранение,all
"все, покинь рубку.",Отстранение,all
"все, сбой, останови деятельность!",Отстранение,all
"Отмени выполнение приказа, экипаж.",Отстранение,all
"экипаж, неполадки, прекрати работу!",Отстранение,all
"Останови текущие действия, команда.",Отстранение,all
"Прекрати действовать сейчас же, боты.",Отстранение,all
"боты, немедленно останови выполнение!",Отстранение,all
"команда, техническое обслуживание, останови систему.",Отстранение,all
"экипаж, оставь технику.",Отстранение,all
"Останови свою работу, все.",Отстранение,all
"Останови работу, все.",Отстранение,all
"Перестань выполнять дело, экипаж.",Отстранение,all
"Прекрати действовать немедленно, боты.",Отстранение,all
"Прекрати свою позицию, все.",Отстранение,all
"Останови выполнение, все.",Отстранение,all
"боты, срочно прекрати работу!",Отстранение,all
"все, оставь позицию.",Отстранение,all
"все, останови выполнение.",Отстранение,all
"команда, отойди от поста.",Отстранение,all
"Прекрати свою деятельность немедленно, боты.",Отстранение,all
"Прекрати текущую задачу, команда.",Отстранение,all
"команда, прекрати управление орудием.",Отстранение,all
"Отмени свои текущие действия, все.",Отстранение,all
"Отмени текущую позицию, команда.",Отстранение,all
"все, прекрати ремонт.",Отстранение,all
"экипаж, замыкание, оставь позицию!",Отстранение,all
"Оставь текущее занятие, экипаж.",Отстранение,all
"команда, оставь управление.",Отстранение,all
"все, перегрузка, покинь станцию!",Отстранение,all
"команда, останови деятельность.",Отстранение,all
"Оставь текущую позицию, все.",Отстранение,all
"все, проверка оборудования, отмени операцию.",Отстранение,all
"Отмени текущую задачу, команда.",Отстранение,all
"Отмени текущие дела, все.",Отстранение,all
"Останови выполнение задачи, команда.",Отстранение,all
"Оставь текущую позицию, команда.",Отстранение,all
"Оставь текущую работу, команда.",Отстранение,all
"экипаж, останови зарядку.",Отстранение,all
"Прекрати свою работу, команда.",Отстранение,all
"Прекрати работать над делом, боты.",Отстранение,all
"экипаж, покинь рубку.",Отстранение,all
"Отмени текущие обязанности, боты.",Отстранение,all
"Прекрати текущую позицию, команда.",Отстранение,all
"Оставь текущую операцию, боты.",Отстранение,all
"Отмени текущую деятельность, команда.",Отстранение,all
"все, отступи от системы.",Отстранение,all
"экипаж, срочно отойди от поста!",Отстранение,all
"команда, корректировка плана, отмени работу.",Отстранение,all
"команда, замыкание, оставь позицию!",Отстранение,all
"Останови текущий процесс, экипаж.",Отстранение,all
"Останови текущие обязанности, все.",Отстранение,all
"Оставь текущую миссию, команда.",Отстранение,all
"Оставь текущее занятие, все.",Отстранение,all
"боты, прекрати обслуживание.",Отстранение,all
"Оставь текущие обязанности, команда.",Отстранение,all
"Отойди от своего поста, все.",Отстранение,all
"Останови выполнение, команда.",Отстранение,all
"команда, быстро отмени действия!",Отстранение,all
"Прекрати свою позицию немедленно, все.",Отстранение,all
"Прекрати действовать немедленно, эй ты.",Отстранение,near
"Прекрати свою работу, эй ты.",Отстранение,near
"Прекрати свою деятельность, кто здесь.",Отстранение,near
"эй ты, отмени подготовку.",Отстранение,near
"Останови свою позицию, эй ты.",Отстранение,near
"ближний, оставь управление.",Отстранение,near
"эй ты, отмени задачу.",Отстранение,near
"ближний, прекрати текущее задание.",Отстранение,near
"эй ты, быстро отмени задачу!",Отстранение,near
"ближайший, неполадки, прекрати работу!",Отстранение,near
"эй ты, останови выполнение.",Отстранение,near
"Отмени свои действия, кто близко.",Отстранение,near
"Прекрати текущую миссию, ближний.",Отстранение,near
"ближний, отмени процедуру.",Отстранение,near
"Останови текущее задание, ближайший.",Отстранение,near
"кто рядом, сбой, останови деятельность!",Отстранение,near
"ближний, смена задачи, останови выполнение.",Отстранение,near
"Останови текущую миссию, кто здесь.",Отстранение,near
"Отмени выполнение, кто близко.",Отстранение,near
"Перестань выполнять текущее задание, ближний.",Отстранение,near
"кто рядом, замыкание, оставь позицию!",Отстранение,near
"Отмени текущую позицию, кто здесь.",Отстранение,near
"Отмени текущую деятельность, кто рядом.",Отстранение,near
"эй ты, отмени движение.",Отстранение,near
"ближайший, техническое обслуживание, останови систему.",Отстранение,near
"ближний, задание завершено, прекрати выполнение.",Отстранение,near
"Перестань действовать, эй ты.",Отстранение,near
"ближайший, перегрев, отойди от поста!",Отстранение,near
"Прекрати свою текущую работу, кто здесь.",Отстранение,near
"Отмени текущее дело, кто близко.",Отстранение,near
"Останови текущую операцию, кто рядом.",Отстранение,near
"кто рядом, останови выполнение.",Отстранение,near
"Перестань выполнять приказ, эй ты.",Отстранение,near
"Прекрати текущую деятельность, кто близко.",Отстранение,near
"Перестань выполнять обязанности, кто здесь.",Отстранение,near
"кто близко, прекрати боевые действия.",Отстранение,near
"кто близко, оставь позицию.",Отстранение,near
"Прекрати свою деятельность немедленно, ближайший.",Отстранение,near
"Перестань выполнять операцию, ближайший.",Отстранение,near
"Оставь текущие обязанности, ближний.",Отстранение,near
"ближний, новые указания, прекрати текущее.",Отстранение,near
"ближайший, останови зарядку.",Отстранение,near
"Прекрати текущую операцию, ближний.",Отстранение,near
"Прекрати свою работу немедленно, ближний.",Отстранение,near
"ближний, корректировка плана, отмени работу.",Отстранение,near
"ближайший, авария, останови выполнение!",Отстранение,near
"Прекрати действовать срочно, ближайший.",Отстранение,near
"Перестань выполнять дело, кто здесь.",Отстранение,near
"Останови выполнение задачи, кто рядом.",Отстранение,near
"Оставь текущую позицию, кто здесь.",Отстранение,near
"кто рядом, смена задачи, останови выполнение.",Отстранение,near
"Прекрати заниматься этим, ближний.",Отстранение,near
"ближайший, смена задачи, останови выполнение.",Отстранение,near
"Прекрати действовать срочно, кто рядом.",Отстранение,near
"кто близко, новые указания, прекрати текущее.",Отстранение,near
"Останови текущее дело, ближний.",Отстранение,near
"Отмени свои текущие обязанности, кто рядом.",Отстранение,near
"Прекрати действовать немедленно, кто рядом.",Отстранение,near
"Оставь текущее дело, кто здесь.",Отстранение,near
"Оставь текущую позицию, эй ты.",Отстранение,near
"Прекрати работу над задачей, ближний.",Отстранение,near
"Останови выполнение обязанностей, эй ты.",Отстранение,near
"Отмени текущую миссию, ближайший.",Отстранение,near
"эй ты, смена задачи, останови выполнение.",Отстранение,near
"кто близко, угроза, отмени действия!",Отстранение,near
"Перестань выполнять обязанности, ближний.",Отстранение,near
"Прекрати текущую миссию, кто близко.",Отстранение,near
"Прекрати работать над позицией, ближайший.",Отстранение,near
"Прекрати текущую деятельность, кто рядом.",Отстранение,near
"Прекрати свою активность, кто здесь.",Отстранение,near
"Оставь текущий пост, кто близко.",Отстранение,near
"кто здесь, останови выполнение.",Отстранение,near
"Перестань выполнять приказ, кто близко.",Отстранение,near
"Отмени текущие обязанности, ближний.",Отстранение,near
"кто рядом, отступи от системы.",Отстранение,near
"Останови текущую миссию, кто близко.",Отстранение,near
"Прекрати действовать срочно, кто здесь.",Отстранение,near
"ближайший, останови диагностику.",Отстранение,near
"Останови текущие действия, ближний.",Отстранение,near
"Отмени текущую миссию, кто рядом.",Отстранение,near
"Оставь текущий пост, ближайший.",Отстранение,near
"кто рядом, останови управление.",Отстранение,near
"эй ты, отойди от пульта.",Отстранение,near
"Прекрати свою позицию, кто близко.",Отстранение,near
"Прекрати текущие обязанности, эй ты.",Отстранение,near
"Прекрати текущую деятельность, ближний.",Отстранение,near
"кто близко, срочно отойди от поста!",Отстранение,near
"кто близко, быстро покинь станцию!",Отстранение,near
"Перестань работать, ближний.",Отстранение,near
"Отмени свою работу, ближайший.",Отстранение,near
"Оставь текущую операцию, ближайший.",Отстранение,near
"кто близко, перегрузка, покинь станцию!",Отстранение,near
"ближайший, замыкание, оставь позицию!",Отстранение,near
"кто здесь, останови зарядку.",Отстранение,near
"эй ты, покинь станцию.",Отстранение,near
"Отмени выполнение позиции, кто близко.",Отстранение,near
"Отмени текущую позицию, кто рядом.",Отстранение,near
"кто рядом, новые указания, прекрати текущее.",Отстранение,near
"Прекрати свою активность немедленно, ближний.",Отстранение,near
"ближний, перерыв в работе, прекрати деятельность.",Отстранение,near
"Следуй за мной к рубежу, командир!",follow,Капитан
"Иди за мной к цели, главный!",follow,Капитан
"Отступай за мной назад, командир!",follow,Капитан
"Главный, следуй за мной вперёд!",follow,Капитан
"Быстрее, Главный, двигайся за мной к шлюзу!",follow,Капитан
"Следуй за мной к цели, командир!",follow,Капитан
"Срочно! Следуй за мной, командир!",follow,Капитан
"Командир, иди за мной к точке сбора!",follow,Капитан
"Держись за мной, командир, идём!",follow,Капитан
"Слушай! Идём вперёд вместе, главный!",follow,Капитан
"Занимай позицию и следуй за мной, главный!",follow,Капитан
"Командир, отступай за мной!",follow,Капитан
"Эй, Капитан, следуй за мной!",follow,Капитан
"Эй! Идём назад вместе, капитан!",follow,Капитан
"Следуй за мной к шлюзу, капитан!",follow,Капитан
"Главный, следуй за мной, занимай позицию!",follow,Капитан
"Отступай за мной, капитан!",follow,Капитан
"Командир, двигайся за мной к рубежу!",follow,Капитан
"Следуй за мной по курсу, главный!",follow,Капитан
"Живо, следуй за мной к точке сбора, командир!",follow,Капитан
"Капитан, иди за мной к точке сбора!",follow,Капитан
"Командир, вперёд со мной!",follow,Капитан
"Главный, идём вместе вперёд!",follow,Капитан
"Смени позицию и следуй за мной, капитан!",follow,Капитан
"Капитан, следуй за мной!",follow,Капитан
"Отступай за мной, капитан!",follow,Капитан
"Ну! Следуй за мной вперёд, главный!",follow,Капитан
"Следуй за мной к цели, главный!",follow,Капитан
"Давай, следуй за мной, главный!",follow,Капитан
"Следуй за мной к точке сбора, главный!",follow,Капитан
"Отступай за мной, капитан!",follow,Капитан
"Идём назад вместе, капитан!",follow,Капитан
"Эй, отступай за мной, командир!",follow,Капитан
"Эй, Командир, держись за мной!",follow,Капитан
"Главный, следуй за мной назад!",follow,Капитан
"Давай, следуй за мной, капитан!",follow,Капитан
"Срочно, Командир, двигайся со мной к шлюзу!",follow,Капитан
"Быстрее, следуй за мной, капитан!",follow,Капитан
"Следуй за мной к цели, капитан!",follow,Капитан
"Отступай за мной, капитан!",follow,Капитан
"Следуй за мной к цели, капитан!",follow,Капитан
"Слушай, Капитан, двигайся за мной к точке сбора!",follow,Капитан
"Срочно! Следуй за мной, капитан!",follow,Капитан
"Ну! Следуй за мной, командир!",follow,Капитан
"Отступай за мной, главный!",follow,Капитан
"Следуй за мной к цели, командир!",follow,Капитан
"Занимай позицию и следуй за мной, командир!",follow,Капитан
"Смени позицию и следуй за мной, капитан!",follow,Капитан
"Главный, идём вместе вперёд!",follow,Капитан
"Срочно! Следуй за мной, капитан!",follow,Капитан
"Давай, следуй за мной, капитан!",follow,Капитан
"Подвинься и следуй за мной, капитан!",follow,Капитан
"Следуй за мной к точке сбора, главный!",follow,Капитан
"Эй, двигайся со мной вперёд, командир!",follow,Капитан
"Срочно, Главный, идём вместе!",follow,Капитан
"Слушай, Капитан, следуй за мной!",follow,Капитан
"Эй, Капитан, держись за мной!",follow,Капитан
"Идём вперёд вместе, командир!",follow,Капитан
"Следуй за мной к точке сбора, командир!",follow,Капитан
"Слушай, Главный, подвинься и следуй за мной!",follow,Капитан
"Капитан, следуй за мной к шлюзу!",follow,Капитан
"Срочно! Следуй за мной к точке сбора, капитан!",follow,Капитан
"Живо, Командир, следуй за мной вперёд!",follow,Капитан
"Эй, подвинься и следуй за мной, командир!",follow,Капитан
"Двигайся со мной к точке сбора, главный!",follow,Капитан
"Вперёд, следуй за мной, капитан!",follow,Капитан
"Давай! Идём вместе вперёд, главный!",follow,Капитан
"Ну, вперёд, следуй за мной, главный!",follow,Капитан
"Капитан, двигайся со мной к рубежу!",follow,Капитан
"Живо, следуй за мной к шлюзу, главный!",follow,Капитан
"Быстрее! Идём вперёд вместе, капитан!",follow,Капитан
"Командир, отступай за мной!",follow,Капитан
"Давай! Следуй за мной, командир!",follow,Капитан
"Эй, Капитан, иди за мной к точке сбора!",follow,Капитан
"Смени позицию и следуй за мной, капитан!",follow,Капитан
"Командир, следуй за мной к точке сбора!",follow,Капитан
"Подвинься и следуй за мной, главный!",follow,Капитан
"Ну, вперёд, следуй за мной, капитан!",follow,Капитан
"Ну, держись за мной, капитан!",follow,Капитан
"Следуй за мной к точке сбора, капитан!",follow,Капитан
"Слушай, Капитан, следуй за мной!",follow,Капитан
"Срочно, держись за мной, капитан!",follow,Капитан
"Быстрее! Следуй за мной вперёд, главный!",follow,Капитан
"Капитан, следуй за мной к шлюзу!",follow,Капитан
"Давай! Идём назад вместе, главный!",follow,Капитан
"Быстрее! Идём вперёд вместе, главный!",follow,Капитан
"Ну! Подвинься за мной, командир!",follow,Капитан
"Командир, следуй за мной к новой позиции!",follow,Капитан
"Держись за мной — главный, срочно!",follow,Капитан
"Живо, следуй за мной к цели, командир!",follow,Капитан
"Следуй за мной к цели, главный!",follow,Капитан
"Срочно, Командир, следуй за мной к цели!",follow,Капитан
"Отступай за мной, главный!",follow,Капитан
"Капитан, следуй за мной!",follow,Капитан
"Двигайся к точке сбора, капитан!",follow,Капитан
"Давай, следуй за мной к цели, капитан!",follow,Капитан
"Живо! Следуй за мной, командир!",follow,Капитан
"Занимай позицию и следуй за мной, капитан!",follow,Капитан
"Ноги в руки, и пошёл за мной, начальник"," ""follow"""," ""Капитан"""
"Пойдем, капитан"," ""follow"""," ""Капитан"""
"Отступай за мной, боец!",follow,Охранник
"Вперёд, иди за мной, охранник!",follow,Охранник
"Эй, Страж, следуй за мной!",follow,Охранник
"Ну, Охранник, вперёд, следуй за мной!",follow,Охранник
"Срочно! Иди за мной к рубежу, боец!",follow,Охранник
"Слушай, Боец, следуй за мной вперёд!",follow,Охранник
"Быстрее! Отступай за мной, страж!",follow,Охранник
"Боец, держись за мной!",follow,Охранник
"Срочно, Охранник, следуй за мной к цели!",follow,Охранник
"Подъезжай за мной к шлюзу, боец!",follow,Охранник
"Давай, Боец, следуй за мной к шлюзу!",follow,Охранник
"Живо, Боец, следуй за мной к точке сбора!",follow,Охранник
"Боец, следуй за мной вперёд!",follow,Охранник
"Занимай позицию и иди за мной, боец!",follow,Охранник
"Страж, следуй за мной к точке сбора!",follow,Охранник
"Давай! Следуй за мной вперёд, охранник!",follow,Охранник
"Ну, смени позицию и иди за мной, боец!",follow,Охранник
"Охранник, следуй за мной к точке сбора!",follow,Охранник
"Живо, следуй за мной к точке сбора, страж!",follow,Охранник
"Отступай за мной, охранник!",follow,Охранник
"Занимай позицию и следуй за мной, охранник!",follow,Охранник
"Слушай, подъезжай за мной к шлюзу, охранник!",follow,Охранник
"Давай, занимай позицию и следуй за мной, боец!",follow,Охранник
"Следуй за мной вперёд, боец!",follow,Охранник
"Страж, держись за мной!",follow,Охранник
"Боец, подъезжай за мной к шлюзу!",follow,Охранник
"Живо! Следуй за мной к цели, охранник!",follow,Охранник
"Смени позицию и следуй за мной, охранник!",follow,Охранник
"Быстрее, подъезжай за мной к шлюзу, боец!",follow,Охранник
"Боец, следуй за мной!",follow,Охранник
"Вперёд, иди за мной, охранник!",follow,Охранник
"Отступай за мной, охранник!",follow,Охранник
"Слушай, следуй за мной к точке сбора, страж!",follow,Охранник
"Смени позицию и следуй за мной, боец!",follow,Охранник
"Быстрее, Охранник, следуй за мной к новой позиции!",follow,Охранник
"Отступай за мной, страж!",follow,Охранник
"Давай! Подвинься и следуй за мной, охранник!",follow,Охранник
"Слушай, Боец, иди за мной к рубежу!",follow,Охранник
"Срочно, Охранник, следуй за мной к шлюзу!",follow,Охранник
"Смени позицию и иди за мной, страж!",follow,Охранник
"Страж, подвинься и следуй за мной!",follow,Охранник
"Давай, держись за мной, страж!",follow,Охранник
"Подъезжай за мной к шлюзу, охранник!",follow,Охранник
"Боец, иди за мной вперёд!",follow,Охранник
"Охранник, отступай за мной!",follow,Охранник
"Занимай позицию и следуй за мной, страж!",follow,Охранник
"Занимай позицию и следуй за мной, боец!",follow,Охранник
"Давай, держись за мной, боец!",follow,Охранник
"Живо, держись за мной, охранник!",follow,Охранник
"Следуй за мной к точке сбора, охранник!",follow,Охранник
"Приблизься за мной к цели, охранник!",follow,Охранник
"Охранник, занимай позицию и следуй за мной!",follow,Охранник
"Страж, подвинься и следуй за мной быстрее!",follow,Охранник
"Следуй за мной к точке сбора, охранник!",follow,Охранник
"Ну, следуй за мной вперёд, боец!",follow,Охранник
"Смени позицию и следуй за мной, боец!",follow,Охранник
"Отступай за мной, боец!",follow,Охранник
"Охранник, подвинься и следуй за мной!",follow,Охранник
"Давай! Занимай позицию и следуй за мной, страж!",follow,Охранник
"Боец, отступай за мной!",follow,Охранник
"Быстрее! Следуй за мной вперёд, боец!",follow,Охранник
"Живо, Боец, следуй за мной к цели!",follow,Охранник
"Приблизься за мной к цели, охранник!",follow,Охранник
"Охранник, подъезжай за мной к шлюзу!",follow,Охранник
"Слушай, следуй за мной к точке сбора, страж!",follow,Охранник
"Подвинься и следуй за мной, боец!",follow,Охранник
"Ну, Страж, занимай позицию и следуй за мной!",follow,Охранник
"Ну, Боец, подъезжай за мной к шлюзу!",follow,Охранник
"Слушай, отступай за мной, охранник!",follow,Охранник
"Приблизься за мной к цели, боец!",follow,Охранник
"Занимай позицию и следуй за мной, охранник!",follow,Охранник
"Следуй за мной вперёд, страж!",follow,Охранник
"Страж, иди за мной вперёд!",follow,Охранник
"Слушай! Занимай позицию и следуй за мной, боец!",follow,Охранник
"Давай, держись за мной, боец!",follow,Охранник
"Страж, отступай за мной!",follow,Охранник
"Следуй за мной к точке сбора, страж!",follow,Охранник
"Следуй за мной вперёд, страж!",follow,Охранник
"Слушай, держись за мной, охранник!",follow,Охранник
"Вперёд, иди за мной, боец!",follow,Охранник
"Слушай, Охранник, следуй за мной к точке сбора!",follow,Охранник
"Охранник, отступай за мной!",follow,Охранник
"Срочно, следуй за мной вперёд, страж!",follow,Охранник
"Давай, иди за мной к точке сбора, охранник!",follow,Охранник
"Боец, держись за мной!",follow,Охранник
"Следуй за мной вперёд, охранник!",follow,Охранник
"Занимай позицию и следуй за мной, страж!",follow,Охранник
"Подвинься и следуй за мной, охранник!",follow,Охранник
"Страж, занимай позицию и следуй за мной!",follow,Охранник
"Страж, следуй за мной вперёд!",follow,Охранник
"Боец, иди за мной вперёд!",follow,Охранник
"Следуй за мной к точке сбора, боец!",follow,Охранник
"Боец, следуй за мной к точке сбора!",follow,Охранник
"Охранник, следуй за мной вперёд!",follow,Охранник
"Эй, Боец, подвинься и следуй за мной!",follow,Охранник
"Боец, следуй за мной!",follow,Охранник
"Подвинься и следуй за мной к рубежу, охранник!",follow,Охранник
"Подъезжай за мной к шлюзу, боец!",follow,Охранник
"Страж, подвинься и следуй за мной!",follow,Охранник
"Вперёд, иди за мной, страж!",follow,Охранник
"Занимай позицию и следуй за мной, док!",follow,Медик
"Ну! занимай позицию и следуй за мной, док!",follow,Медик
"Срочно! Следуй за мной вперёд, врач!",follow,Медик
"Живо, подъезжай за мной к шлюзу, врач!",follow,Медик
"Эй, смени позицию и иди за мной, врач!",follow,Медик
"Отступай за мной, медик!",follow,Медик
"Ну, Док, занимай позицию и следуй за мной!",follow,Медик
"Перемещайся вперёд и держись за мной, док!",follow,Медик
"Слушай, Медик, отступай за мной сейчас!",follow,Медик
"Слушай, Врач, смени позицию и следуй за мной!",follow,Медик
"Подвинься к рубежу и следуй за мной, врач!",follow,Медик
"Врач, приблизься за мной к цели!",follow,Медик
"Ну, Врач, двигайся за мной к точке сбора!",follow,Медик
"Живо, держись за мной, врач!",follow,Медик
"Смени позицию и следуй за мной, док!",follow,Медик
"Эй! Подвинься к рубежу и следуй за мной, врач!",follow,Медик
"Давай, Медик, подъезжай за мной к шлюзу!",follow,Медик
"Слушай, Док, следуй за мной вперёд!",follow,Медик
"Приблизься за мной к цели, медик!",follow,Медик
"Живо, занимай позицию и держись за мной, док!",follow,Медик
"Слушай! Держись за мной, врач!",follow,Медик
"Держись за мной, медик!",follow,Медик
"Док, отступай за мной быстро!",follow,Медик
"Быстрее, отступай за мной, врач!",follow,Медик
"Живо, отступай за мной, врач!",follow,Медик
"Слушай! Вперёд, следуй за мной, док!",follow,Медик
"Живо, приблизься за мной к цели, медик!",follow,Медик
"Ну, приблизься за мной к цели, док!",follow,Медик
"Медик, двигайся за мной к точке сбора!",follow,Медик
"Держись за мной, док, быстрее!",follow,Медик
"Двигайся за мной к точке сбора, врач!",follow,Медик
"Держись за мной, врач!",follow,Медик
"Медик, смени позицию и следуй за мной!",follow,Медик
"Срочно! Подъезжай за мной к шлюзу, медик!",follow,Медик
"Быстрее, Медик, подъезжай за мной к шлюзу!",follow,Медик
"Подвинься к рубежу и следуй за мной, врач!",follow,Медик
"Держись за мной, медик!",follow,Медик
"Врач, вперед, следуй за мной!",follow,Медик
"Занимай позицию и следуй за мной, док!",follow,Медик
"Ну! Подвинься к рубежу и следуй за мной, врач!",follow,Медик
"Живо, Врач, подвинься и следуй за мной!",follow,Медик
"Врач, вперед, следуй за мной немедленно!",follow,Медик
"Держись за мной, док, быстрее!",follow,Медик
"Давай! Следуй за мной вперёд, док!",follow,Медик
"Срочно, Док, подвинься к рубежу и следуй за мной!",follow,Медик
"Быстрее, держись за мной, медик!",follow,Медик
"Давай, Медик, двигайся за мной к точке сбора!",follow,Медик
"Подъезжай за мной к шлюзу, медик!",follow,Медик
"Эй, отступай за мной, док!",follow,Медик
"Приблизься за мной к цели, док!",follow,Медик
"Врач, двигайся за мной вперёд!",follow,Медик
"Живо, Врач, двигайся за мной к точке сбора!",follow,Медик
"Эй! Двигайся за мной вперёд, врач!",follow,Медик
"Вперёд, следуй за мной, врач!",follow,Медик
"Эй, приблизься за мной к цели, медик!",follow,Медик
"Медик, подъезжай за мной к шлюзу!",follow,Медик
"Эй! Отступай за мной, медик!",follow,Медик
"Ну, Док, вперед, следуй за мной!",follow,Медик
"Подвинься к рубежу и следуй за мной, врач!",follow,Медик
"Медик, подъезжай за мной к шлюзу!",follow,Медик
"Медик, держись за мной!",follow,Медик
"Слушай! Отступай за мной, док!",follow,Медик
"Врач, отступай за мной немедленно!",follow,Медик
"Ну, Медик, отступай за мной немедленно!",follow,Медик
"Быстрее! Вперёд, следуй за мной, док!",follow,Медик
"Давай, Док, двигайся за мной вперёд!",follow,Медик
"Док, занимай позицию и следуй за мной!",follow,Медик
"Срочно, отступай за мной, медик!",follow,Медик
"Живо! Двигайся за мной к точке сбора, док!",follow,Медик
"Смени позицию и следуй за мной, док!",follow,Медик
"Давай, Док, отступай за мной сейчас!",follow,Медик
"Давай! Смени позицию и следуй за мной, медик!",follow,Медик
"Быстрее, Врач, отступай за мной!",follow,Медик
"Быстрее! Отступай за мной, медик!",follow,Медик
"Быстрее, двигайся за мной к точке сбора, медик!",follow,Медик
"Срочно, Медик, держись за мной!",follow,Медик
"Подъезжай за мной к шлюзу, врач!",follow,Медик
"Слушай! Следуй за мной вперёд, медик!",follow,Медик
"Медик, подвинься и держись за мной!",follow,Медик
"Живо! Смени позицию и следуй за мной, медик!",follow,Медик
"Док, смени позицию и держись за мной!",follow,Медик
"Врач, подвинься и следуй за мной!",follow,Медик
"Эй, вперед, следуй за мной, док!",follow,Медик
"Слушай, Врач, отступай за мной живо!",follow,Медик
"Смени позицию и следуй за мной, врач!",follow,Медик
"Эй, Док, приблизься за мной к цели!",follow,Медик
"Вперёд, следуй за мной, медик!",follow,Медик
"Срочно, Медик, смени позицию и следуй за мной!",follow,Медик
"Смени позицию и следуй за мной, док!",follow,Медик
"Эй, двигайся за мной к точке сбора, док!",follow,Медик
"Давай! Смени позицию и следуй за мной, медик!",follow,Медик
"Эй, Врач, держись за мной!",follow,Медик
"Быстрее! Подвинься и следуй за мной, медик!",follow,Медик
"Слушай, Врач, держись за мной!",follow,Медик
"Перемещайся вперёд и следуй за мной, док!",follow,Медик
"Врач, подвинься и следуй за мной!",follow,Медик
"Вперёд, следуй за мной, док!",follow,Медик
"Давай, Медик, вперед, следуй за мной!",follow,Медик
"Приблизься за мной к цели, врач!",follow,Медик
"Перемещайся вперёд и держись за мной, врач!",follow,Медик
"Отступай назад и следуй за мной, техник!",follow,Инженер
"Вперёд, следуй за мной, техник!",follow,Инженер
"Быстрее! Двигайся за мной к точке сбора, инженер!",follow,Инженер
"Отступай назад и держись за мной, техник!",follow,Инженер
"Эй, Инженер, отступай за мной быстро!",follow,Инженер
"Отступай назад и следуй за мной, инженер!",follow,Инженер
"Электрик, приблизься к цели и держись за мной!",follow,Инженер
"Эй, подвинься к рубежу и следуй за мной, техник!",follow,Инженер
"Инженер, отступай за мной!",follow,Инженер
"Поддерживай курс и держись за мной, техник!",follow,Инженер
"Техник, вперёд и следуй за мной!",follow,Инженер
"Слушай, двигайся за мной к точке сбора, электрик!",follow,Инженер
"Эй, Техник, двигайся за мной к точке сбора срочно!",follow,Инженер
"Слушай, подъезжай за мной к шлюзу, инженер!",follow,Инженер
"Ну! Занимай позицию и следуй за мной, техник!",follow,Инженер
"Отступай назад и держись за мной, электрик!",follow,Инженер
"Ну! Перемещайся вперёд и следуй за мной, электрик!",follow,Инженер
"Быстрее, занимай позицию и держись за мной, техник!",follow,Инженер
"Живо, Техник, перемещайся за мной вперёд!",follow,Инженер
"Перемещайся вперёд и держись за мной, инженер!",follow,Инженер
"Ну! Двигайся за мной к точке сбора, инженер!",follow,Инженер
"Давай! Занимай позицию и следуй за мной, инженер!",follow,Инженер
"Быстрее, вперед и держись за мной, электрик!",follow,Инженер
"Техник, приблизься за мной к цели!",follow,Инженер
"Инженер, отступай за мной немедленно!",follow,Инженер
"Срочно, смени позицию и следуй за мной, инженер!",follow,Инженер
"Ну, Электрик, подвинься к рубежу и держись за мной!",follow,Инженер
"Приблизься за мной к цели, инженер!",follow,Инженер
"Эй! Подвинься к рубежу и следуй за мной, электрик!",follow,Инженер
"Эй! Подъезжай за мной к шлюзу, инженер!",follow,Инженер
"Быстрее, смени позицию и держись за мной, электрик!",follow,Инженер
"Поддерживай курс и следуй за мной, электрик!",follow,Инженер
"Ну, двигайся за мной к точке сбора, электрик!",follow,Инженер
"Перемещайся вперёд и держись за мной, техник!",follow,Инженер
"Давай! Поддерживай курс и следуй за мной, техник!",follow,Инженер
"Быстрее! Подвинься к рубежу и следуй за мной, техник!",follow,Инженер
"Срочно! Двигайся за мной к точке сбора, техник!",follow,Инженер
"Слушай! Вперёд и держись за мной, техник!",follow,Инженер
"Приблизься за мной к цели, инженер!",follow,Инженер
"Живо, подвинься к рубежу и держись за мной, инженер!",follow,Инженер
"Эй! Двигайся за мной к точке сбора, инженер!",follow,Инженер
"Живо! Смени позицию и следуй за мной, техник!",follow,Инженер
"Отступай назад и держись за мной, электрик!",follow,Инженер
"Срочно! Подъезжай за мной к шлюзу, электрик!",follow,Инженер
"Перемещайся вперёд и следуй за мной, техник!",follow,Инженер
"Ну, отступай назад и следуй за мной, инженер!",follow,Инженер
"Эй, приблизься за мной к цели, техник!",follow,Инженер
"Вперёд, не стой и следуй за мной, инженер!",follow,Инженер
"Перемещайся вперёд и держись за мной, инженер!",follow,Инженер
"Поддерживай курс и следуй за мной, электрик!",follow,Инженер
"Давай! Отступай назад и держись за мной, техник!",follow,Инженер
"Быстрее! Вперёд, не стой и следуй за мной, инженер!",follow,Инженер
"Ну, поддерживай курс и держись за мной, электрик!",follow,Инженер
"Срочно! Подъезжай за мной к шлюзу, электрик!",follow,Инженер
"Давай! Приблизься за мной к цели, инженер!",follow,Инженер
"Быстрее, Инженер, приблизься за мной к цели!",follow,Инженер
"Эй! Поддерживай курс и следуй за мной, электрик!",follow,Инженер
"Эй! Смени позицию и держись за мной, инженер!",follow,Инженер
"Слушай! Подъезжай за мной к шлюзу, инженер!",follow,Инженер
"Давай, Инженер, приблизься за мной к цели срочно!",follow,Инженер
"Смени позицию и следуй за мной, техник!",follow,Инженер
"Подъезжай за мной к шлюзу, инженер!",follow,Инженер
"Срочно, перемещайся вперёд и держись за мной, техник!",follow,Инженер
"Срочно, перемещайся вперёд и следуй за мной, электрик!",follow,Инженер
"Эй! Перемещайся вперёд и держись за мной, инженер!",follow,Инженер
"Ну, Электрик, смени позицию и держись за мной!",follow,Инженер
"Вперёд, не стой и следуй за мной, техник!",follow,Инженер
"Инженер, перемещайся вперёд и держись за мной!",follow,Инженер
"Техник, двигайся за мной к точке сбора!",follow,Инженер
"Подвинься к рубежу и следуй за мной, инженер!",follow,Инженер
"Быстрее, приблизься за мной к цели, электрик!",follow,Инженер
"Электрик, подвинься к рубежу и следуй за мной!",follow,Инженер
"Давай! Приблизься за мной к цели, инженер!",follow,Инженер
"Занимай новую позицию и следуй за мной, инженер!",follow,Инженер
"Электрик, перемещайся вперёд и держись за мной!",follow,Инженер
"Занимай новую позицию и следуй за мной, электрик!",follow,Инженер
"Быстрее, Электрик, смени позицию и держись за мной!",follow,Инженер
"Электрик, вперед, не стой и держись за мной!",follow,Инженер
"Двигайся за мной к точке сбора, техник!",follow,Инженер
"Подвинься к рубежу и следуй за мной, электрик!",follow,Инженер
"Давай! Приблизься за мной к цели, инженер!",follow,Инженер
"Эй, смени позицию и держись за мной, техник!",follow,Инженер
"Техник, подвинься к рубежу и следуй за мной!",follow,Инженер
"Двигайся за мной к точке сбора, техник!",follow,Инженер
"Занимай позицию и следуй за мной, электрик!",follow,Инженер
"Давай! Поддерживай курс и следуй за мной, техник!",follow,Инженер
"Вперёд, не стой и следуй за мной, электрик!",follow,Инженер
"Подвинься к рубежу и следуй за мной, техник!",follow,Инженер
"Срочно, Электрик, держись за мной!",follow,Инженер
"Техник, вперед, не стой и следуй за мной!",follow,Инженер
"Давай, отступай назад и держись за мной, электрик!",follow,Инженер
"Перемещайся вперёд и держись за мной, электрик!",follow,Инженер
"Срочно, Инженер, перемещайся вперёд и держись за мной!",follow,Инженер
"Давай, Инженер, подъезжай за мной к шлюзу!",follow,Инженер
"Живо, Инженер, поддерживай курс за мной!",follow,Инженер
"Слушай! Подъезжай за мной к шлюзу, электрик!",follow,Инженер
"Давай, Техник, подъезжай за мной к шлюзу!",follow,Инженер
"Подвинься к рубежу и следуй за мной, инженер!",follow,Инженер
"Смени позицию и держись за мной, техник!",follow,Инженер
"Электрик, приблизься за мной к цели!",follow,Инженер
"Подвинься к рубежу — ремонтник, срочно и следуй за мной!",follow,Механик
"Двигайся к точке сбора и держись за мной, чинила!",follow,Механик
"Чинила, поддерживай курс и следуй за мной побыстрее!",follow,Механик
"Механик, перемещайся вперёд и держись за мной сейчас!",follow,Механик
"Отступай назад — чинила, давай и держись за мной!",follow,Механик
"Вперёд, не стой, чинила, следуй за мной!",follow,Механик
"Вперёд, не стой, механик, давай и следуй за мной!",follow,Механик
"Давай! Подъезжай к шлюзу и держись за мной, механик!",follow,Механик
"Отступай назад — чинила, слушай и следуй за мной!",follow,Механик
"Ну! Подъезжай к шлюзу и держись за мной, механик!",follow,Механик
"Чинила, поддерживай курс и держись за мной побыстрее!",follow,Механик
"Слушай, перемещайся вперёд и держись за мной, механик!",follow,Механик
"Живо, Ремонтник, смени позицию и следуй за мной!",follow,Механик
"Живо, подвинься к рубежу и держись за мной, механик!",follow,Механик
"Приблизься к цели и следуй за мной, ремонтник!",follow,Механик
"Чинила, вперёд, не стой и держись за мной без промедления!",follow,Механик
"Смени позицию и следуй за мной, механик!",follow,Механик
"Ремонтник, вперёд, не стой и следуй за мной!",follow,Механик
"Подвинься к рубежу — механик, слушай и следуй за мной!",follow,Механик
"Чинила, отступай назад и держись за мной срочно!",follow,Механик
"Ну, перемещайся вперёд и держись за мной, ремонтник!",follow,Механик
"Двигайся к точке сбора и держись за мной, чинила!",follow,Механик
"Давай! Перемещайся вперёд и держись за мной, ремонтник!",follow,Механик
"Механик, двигайся к точке сбора и следуй за мной живо!",follow,Механик
"Живо! Поддерживай курс и держись за мной, механик!",follow,Механик
"Давай, смени позицию и держись за мной, механик!",follow,Механик
"Приблизься к цели и держись за мной, механик!",follow,Механик
"Ремонтник, перемещайся вперёд и следуй за мной без промедления!",follow,Механик
"Отступай назад и держись за мной, механик!",follow,Механик
"Подъезжай к шлюзу — чинила, эй и держись за мной!",follow,Механик
"Смени позицию и следуй за мной, механик!",follow,Механик
"Ремонтник, подвинься к рубежу и держись за мной немедленно!",follow,Механик
"Давай, перемещайся вперёд и держись за мной, чинила!",follow,Механик
"Давай, Ремонтник, смени позицию и следуй за мной живо!",follow,Механик
"Живо, Чинила, двигайся к точке сбора и держись за мной без промедления!",follow,Механик
"Срочно! Подвинься к рубежу и держись за мной, механик!",follow,Механик
"Отступай назад и следуй за мной, чинила!",follow,Механик
"Механик, отступай назад и держись за мной срочно!",follow,Механик
"Вперёд, не стой и следуй за мной, ремонтник!",follow,Механик
"Подъезжай к шлюзу и держись за мной, чинила!",follow,Механик
"Быстрее! Занимай новую позицию и следуй за мной, механик!",follow,Механик
"Ремонтник, подъезжай к шлюзу и следуй за мной сейчас!",follow,Механик
"Срочно, перемещайся вперёд и держись за мной, ремонтник!",follow,Механик
"Двигайся к точке сбора и держись за мной, чинила!",follow,Механик
"Вперёд, не стой и следуй за мной, ремонтник!",follow,Механик
"Ну, смени позицию и держись за мной, механик!",follow,Механик
"Срочно, подъезжай к шлюзу и держись за мной, механик!",follow,Механик
"Давай! Подъезжай к шлюзу и держись за мной, чинила!",follow,Механик
Занимай новую позицию и следуй за мной — чинила!,follow,Механик
"Поддерживай курс и держись за мной, чинила!",follow,Механик
"Механик, приблизься к цели и держись за мной немедленно!",follow,Механик
"Отступай назад — ремонтник, срочно и следуй за мной!",follow,Механик
"Чинила, подъезжай к шлюзу и держись за мной быстро!",follow,Механик
"Срочно, Ремонтник, подъезжай к шлюзу и держись за мной сейчас!",follow,Механик
"Слушай, подъезжай к шлюзу и держись за мной, механик!",follow,Механик
"Ремонтник, подвинься к рубежу и следуй за мной побыстрее!",follow,Механик
Двигайся к точке сбора — чинила и держись за мной!,follow,Механик
"Быстрее! Двигайся к точке сбора и держись за мной, ремонтник!",follow,Механик
"Отступай назад и следуй за мной, механик!",follow,Механик
"Слушай, приблизься к цели и держись за мной, механик!",follow,Механик
"Чинила, смени позицию и держись за мной побыстрее!",follow,Механик
"Живо! Занимай новую позицию и держись за мной, ремонтник!",follow,Механик
"Давай, приблизься к цели и держись за мной, ремонтник!",follow,Механик
"Срочно, Чинила, отступай назад и держись за мной побыстрее!",follow,Механик
"Ну, поддерживай курс и держись за мной, ремонтник!",follow,Механик
"Быстрее, поддерживай курс и следуй за мной, ремонтник!",follow,Механик
"Приблизься к цели и держись за мной, чинила!",follow,Механик
"Ну, приблизься к цели и следуй за мной, механик!",follow,Механик
"Механик, вперёд, не стой и держись за мной!",follow,Механик
"Слушай, Механик, смени позицию и держись за мной сейчас!",follow,Механик
"Слушай, занимай новую позицию и следуй за мной, механик!",follow,Механик
"Ремонтник, двигайся к точке сбора и держись за мной живо!",follow,Механик
"Слушай, Ремонтник, двигайся к точке сбора и держись за мной живо!",follow,Механик
"Ремонтник, приблизься к цели и держись за мной!",follow,Механик
"Слушай, Ремонтник, отступай назад и держись за мной сейчас!",follow,Механик
"Быстрее, подъезжай к шлюзу и держись за мной, механик!",follow,Механик
Подъезжай к шлюзу — чинила и следуй за мной живо!,follow,Механик
"Живо, приблизься к цели и держись за мной, ремонтник!",follow,Механик
"Чинила, вперёд, не стой и держись за мной сейчас!",follow,Механик
"Подъезжай к шлюзу и держись за мной, ремонтник!",follow,Механик
Перемещайся вперёд — ремонтник и следуй за мной!,follow,Механик
"Живо, отступай назад и держись за мной, чинила!",follow,Механик
"Ремонтник, занимай новую позицию и держись за мной живо!",follow,Механик
"Отступай назад и следуй за мной, ремонтник!",follow,Механик
"Быстрее, Механик, подвинься к рубежу и держись за мной!",follow,Механик
"Подвинься к рубежу — ремонтник, ну и следуй за мной!",follow,Механик
"Ну! Приблизься к цели и держись за мной, чинила!",follow,Механик
"Слушай, Чинила, подъезжай к шлюзу и держись за мной быстро!",follow,Механик
"Давай, отступай назад и следуй за мной, чинила!",follow,Механик
"Чинила, вперёд, не стой и держись за мной быстро!",follow,Механик
Занимай новую позицию и держись за мной — ремонтник!,follow,Механик
"Ремонтник, двигайся к точке сбора и держись за мной живо!",follow,Механик
"Чинила, двигайся к точке сбора и следуй за мной срочно!",follow,Механик
"Подъезжай к шлюзу и держись за мной, чинила!",follow,Механик
"Эй, перемещайся вперёд и держись за мной, ремонтник!",follow,Механик
"Срочно! Поддерживай курс и держись за мной, чинила!",follow,Механик
Приблизься к цели — ремонтник и держись за мной!,follow,Механик
"Ремонтник, поддерживай курс и следуй за мной!",follow,Механик
"Приблизься к цели — ремонтник, давай и держись за мной!",follow,Механик
"Ремонтник, смени позицию и держись за мной немедленно!",follow,Механик
"Следуй за мной назад, подручный, живо!",follow,Помощник
"Следуй за мной назад — помощник, слушай!",follow,Помощник
"Следуй по моему курсу, ассистент, срочно!",follow,Помощник
"Давай, следуй за мной вперёд, ассистент!",follow,Помощник
"Быстрее, подручный, следуй за мной на новую позицию живо!",follow,Помощник
"Срочно! следуй за мной к рубежу, помощник!",follow,Помощник
"Срочно! следуй за мной вперёд, помощник!",follow,Помощник
"Помощник, следуй по моему курсу немедленно!",follow,Помощник
"Быстрее, следуй по моему курсу, подручный!",follow,Помощник
"Слушай! следуй за мной к шлюзу, подручный!",follow,Помощник
"Помощник, следуй за мной к шлюзу немедленно!",follow,Помощник
"Следуй за мной к цели, подручный, срочно!",follow,Помощник
"Быстрее, ассистент, следуй за мной назад!",follow,Помощник
"Слушай, помощник, следуй по моему курсу живо!",follow,Помощник
"Следуй за мной на новую позицию — подручный, ну!",follow,Помощник
"Подручный, следуй за мной к точке сбора!",follow,Помощник
"Помощник, следуй по моему курсу быстро!",follow,Помощник
"Быстрее! следуй за мной назад, помощник!",follow,Помощник
"Срочно, следуй по моему курсу, ассистент!",follow,Помощник
"Эй, следуй по моему курсу, помощник!",follow,Помощник
"Следуй за мной вперёд — ассистент, быстрее!",follow,Помощник
"Следуй по моему курсу — подручный, срочно!",follow,Помощник
"Быстрее! следуй за мной на новую позицию, ассистент!",follow,Помощник
"Следуй за мной на новую позицию — помощник, быстрее!",follow,Помощник
"Следуй за мной назад — ассистент, срочно!",follow,Помощник
"Следуй за мной на новую позицию — подручный, давай!",follow,Помощник
"Ну, подручный, следуй по моему курсу срочно!",follow,Помощник
"Следуй за мной вперёд, помощник, быстрее!",follow,Помощник
"Быстрее! следуй за мной к цели, ассистент!",follow,Помощник
"Срочно, подручный, следуй за мной назад быстро!",follow,Помощник
"Живо, помощник, следуй за мной на новую позицию срочно!",follow,Помощник
"Помощник, следуй за мной вперёд!",follow,Помощник
"Следуй за мной вперёд, ассистент, слушай!",follow,Помощник
"Ну, следуй за мной назад, подручный!",follow,Помощник
"Следуй за мной к шлюзу — помощник, срочно!",follow,Помощник
"Следуй за мной вперёд, ассистент, слушай!",follow,Помощник
"Следуй за мной к шлюзу — помощник, быстрее!",follow,Помощник
"Следуй за мной на новую позицию, ассистент, эй!",follow,Помощник
"Следуй за мной к рубежу, подручный, срочно!",follow,Помощник
"Ассистент, следуй за мной на новую позицию живо!",follow,Помощник
"Ассистент, следуй по моему курсу немедленно!",follow,Помощник
"Помощник, следуй за мной к цели быстро!",follow,Помощник
"Ассистент, следуй за мной вперёд!",follow,Помощник
"Давай, ассистент, следуй за мной вперёд!",follow,Помощник
"Ну, следуй за мной вперёд, подручный!",follow,Помощник
"Помощник, следуй за мной на новую позицию побыстрее!",follow,Помощник
"Следуй за мной к рубежу, подручный, давай!",follow,Помощник
"Ну! следуй за мной на новую позицию, помощник!",follow,Помощник
"Помощник, следуй за мной к шлюзу побыстрее!",follow,Помощник
"Подручный, следуй за мной к точке сбора без промедления!",follow,Помощник
"Живо, следуй за мной к рубежу, помощник!",follow,Помощник
"Слушай, следуй за мной к точке сбора, ассистент!",follow,Помощник
"Срочно, ассистент, следуй за мной на новую позицию немедленно!",follow,Помощник
"Быстрее! следуй за мной к рубежу, подручный!",follow,Помощник
"Эй! следуй за мной назад, подручный!",follow,Помощник
"Живо, помощник, следуй за мной назад без промедления!",follow,Помощник
"Следуй за мной на новую позицию — помощник, эй!",follow,Помощник
"Следуй за мной на новую позицию, подручный, живо!",follow,Помощник
"Давай, подручный, следуй за мной на новую позицию сейчас!",follow,Помощник
"Живо, подручный, следуй за мной к рубежу быстро!",follow,Помощник
"Давай! следуй за мной вперёд, помощник!",follow,Помощник
"Быстрее! следуй за мной к цели, ассистент!",follow,Помощник
"Живо! следуй за мной вперёд, помощник!",follow,Помощник
"Следуй за мной к точке сбора — помощник, слушай!",follow,Помощник
"Помощник, следуй за мной к точке сбора побыстрее!",follow,Помощник
"Следуй за мной вперёд, подручный, слушай!",follow,Помощник
"Живо, следуй за мной вперёд, подручный!",follow,Помощник
"Следуй за мной вперёд, помощник, срочно!",follow,Помощник
"Следуй за мной к цели, помощник, слушай!",follow,Помощник
"Живо! следуй за мной к цели, помощник!",follow,Помощник
"Срочно! следуй за мной к точке сбора, подручный!",follow,Помощник
"Живо! следуй за мной вперёд, ассистент!",follow,Помощник
"Ну, помощник, следуй за мной назад без промедления!",follow,Помощник
"Ну, ассистент, следуй за мной вперёд сейчас!",follow,Помощник
"Эй, следуй за мной к шлюзу, ассистент!",follow,Помощник
"Следуй за мной к шлюзу, подручный, быстрее!",follow,Помощник
"Срочно, следуй за мной к шлюзу, ассистент!",follow,Помощник
"Следуй за мной на новую позицию — ассистент, слушай!",follow,Помощник
"Следуй за мной назад, помощник, эй!",follow,Помощник
"Давай! следуй за мной к цели, помощник!",follow,Помощник
"Следуй за мной к шлюзу — ассистент, срочно!",follow,Помощник
"Давай, следуй за мной к цели, ассистент!",follow,Помощник
"Помощник, следуй за мной вперёд сейчас!",follow,Помощник
"Ну, следуй за мной к цели, помощник!",follow,Помощник
"Эй, следуй за мной вперёд, ассистент!",follow,Помощник
"Ну, следуй за мной на новую позицию, помощник!",follow,Помощник
"Срочно, помощник, следуй за мной к точке сбора срочно!",follow,Помощник
"Эй, ассистент, следуй за мной вперёд!",follow,Помощник
"Быстрее, следуй за мной к цели, подручный!",follow,Помощник
"Следуй за мной к точке сбора — подручный, живо!",follow,Помощник
"Давай, подручный, следуй за мной вперёд быстро!",follow,Помощник
"Ну, ассистент, следуй за мной к цели немедленно!",follow,Помощник
"Следуй за мной к рубежу, подручный, живо!",follow,Помощник
"Эй, следуй за мной вперёд, помощник!",follow,Помощник
"Эй, помощник, следуй за мной назад без промедления!",follow,Помощник
"Живо! следуй за мной вперёд, подручный!",follow,Помощник
"Быстрее, помощник, следуй за мной к цели живо!",follow,Помощник
"Следуй за мной вперёд, помощник, давай!",follow,Помощник
"Быстрее! следуй за мной к цели, помощник!",follow,Помощник
"Подручный, следуй за мной к цели!",follow,Помощник
"Команда, следуйте за мной на новую позицию немедленно!",follow,all
"Всем составом, следуйте за мной к точке сбора срочно!",follow,all
"Всем составом, следуйте за мной вперёд без промедления!",follow,all
"Всему отряду, следуйте за мной на новую позицию без промедления!",follow,all
"Всему отряду, следуйте за мной на новую позицию быстро!",follow,all
"Всему отряду, следуйте по моему курсу сейчас!",follow,all
"Всем, следуйте за мной к рубежу быстро!",follow,all
"Всему отряду, следуйте за мной на новую позицию живо!",follow,all
"Команда, следуйте за мной на новую позицию!",follow,all
"Всему отряду, следуйте за мной вперёд сейчас!",follow,all
"Всему отряду, следуйте за мной к шлюзу сейчас!",follow,all
"Экипажу, следуйте за мной вперёд без промедления!",follow,all
"Всем, следуйте по моему курсу немедленно!",follow,all
"Всему отряду, следуйте за мной к шлюзу сейчас!",follow,all
"Экипажу, следуйте за мной на новую позицию без промедления!",follow,all
"Всему отряду, следуйте за мной вперёд срочно!",follow,all
"Всем, следуйте за мной назад!",follow,all
"Всем составомikers, следуйте за мной вперёд живо!",follow,all
"Всем составом, следуйте за мной к цели немедленно!",follow,all
"Всем, следуйте за мной к рубежу живо!",follow,all
"Всем составом, следуйте за мной к цели побыстрее!",follow,all
"Всему отряду, следуйте за мной на новую позицию немедленно!",follow,all
"Команда, следуйте за мной вперёд сейчас!",follow,all
"Всем, следуйте по моему курсу срочно!",follow,all
"Всему отряду, следуйте по моему курсу без промедления!",follow,all
"Всем составом, следуйте за мной на новую позицию побыстрее!",follow,all
"Команда, следуйте за мной на новую позицию побыстрее!",follow,all
"Всем составом, следуйте за мной на новую позицию!",follow,all
"Экипажу, следуйте за мной к точке сбора немедленно!",follow,all
"Всем, следуйте по моему курсу немедленно!",follow,all
"Всем составом, следуйте за мной назад срочно!",follow,all
"Экипажу, следуйте за мной вперёд без промедления!",follow,all
"Всем, следуйте за мной к цели немедленно!",follow,all
"Всем составом, следуйте за мной к рубежу быстро!",follow,all
"Всем, следуйте за мной вперёд без промедления!",follow,all
"Всему отряду, следуйте за мной на новую позицию!",follow,all
"Команда, следуйте за мной вперёд побыстрее!",follow,all
"Экипажу, следуйте за мной назад живо!",follow,all
"Экипажу, следуйте за мной к шлюзу без промедления!",follow,all
"Команда, следуйте за мной к точке сбора без промедления!",follow,all
"Команда, следуйте за мной к рубежу сейчас!",follow,all
"Всем составом, следуйте по моему курсу побыстрее!",follow,all
"Всем составом, следуйте за мной вперёд!",follow,all
"Всем составом, следуйте за мной назад побыстрее!",follow,all
"Экипажу, следуйте за мной к цели живо!",follow,all
"Всем, следуйте за мной к шлюзу сейчас!",follow,all
"Команда, следуйте за мной вперёд сейчас!",follow,all
"Экипажу, следуйте за мной на новую позицию побыстрее!",follow,all
"Экипажу, следуйте по моему курсу побыстрее!",follow,all
"Экипажу, следуйте за мной назад побыстрее!",follow,all
"Всему отряду, следуйте за мной вперёд быстро!",follow,all
"Всему отряду, следуйте за мной к точке сбора сейчас!",follow,all
"Всему отряду, следуйте за мной вперёд немедленно!",follow,all
"Команда, следуйте за мной к цели!",follow,all
"Всем составом, следуйте за мной назад!",follow,all
"Команда, следуйте за мной на новую позицию сейчас!",follow,all
"Всем, следуйте за мной к шлюзу немедленно!",follow,all
"Команда, следуйте за мной к шлюзу быстро!",follow,all
"Команда, следуйте за мной к шлюзу живо!",follow,all
"Всем составом, следуйте за мной к рубежу без промедления!",follow,all
"Команда, следуйте за мной вперёд немедленно!",follow,all
"Всем, следуйте за мной к цели живо!",follow,all
"Всем составом, следуйте за мной к точке сбора немедленно!",follow,all
"Всем, следуйте за мной к рубежу без промедления!",follow,all
"Всем составом, следуйте за мной вперёд побыстрее!",follow,all
"Экипажу, следуйте за мной к цели без промедления!",follow,all
"Всем, следуйте за мной к цели сейчас!",follow,all
"Команда, следуйте за мной к точке сбора побыстрее!",follow,all
"Экипажу, следуйте за мной на новую позицию немедленно!",follow,all
"Экипажу, следуйте за мной к рубежу немедленно!",follow,all
"Всем, следуйте за мной к точке сбора сейчас!",follow,all
"Всему отряду, следуйте за мной к рубежу живо!",follow,all
"Команда, следуйте по моему курсу срочно!",follow,all
"Всему отряду, следуйте по моему курсу побыстрее!",follow,all
"Всем составом, следуйте за мной на новую позицию побыстрее!",follow,all
"Всему отряду, следуйте за мной к рубежу сейчас!",follow,all
"Всему отряду, следуйте за мной на новую позицию срочно!",follow,all
"Всем, следуйте за мной на новую позицию!",follow,all
"Всему отряду, следуйте за мной к шлюзу срочно!",follow,all
"Всему отряду, следуйте за мной вперёд без промедления!",follow,all
"Команда, следуйте за мной на новую позицию немедленно!",follow,all
"Всему отряду, следуйте за мной к шлюзу сейчас!",follow,all
"Всем составом, следуйте за мной к шлюзу быстро!",follow,all
"Команда, следуйте за мной вперёд немедленно!",follow,all
"Всем, следуйте за мной вперёд быстро!",follow,all
"Всем составом, следуйте за мной вперёд побыстрее!",follow,all
"Экипажу, следуйте за мной к цели немедленно!",follow,all
"Всем составом, следуйте за мной к точке сбора!",follow,all
"Всем, следуйте за мной к точке сбора!",follow,all
"Экипажу, следуйте за мной вперёд побыстрее!",follow,all
"Всем составом, следуйте за мной вперёд быстро!",follow,all
"Всем, следуйте за мной к цели сейчас!",follow,all
"Экипажу, следуйте за мной на новую позицию живо!",follow,all
"Всем, следуйте по моему курсу побыстрее!",follow,all
"Всему отряду, следуйте за мной на новую позицию срочно!",follow,all
"Всем, следуйте за мной назад сейчас!",follow,all
"Всему отряду, следуйте за мной на новую позицию немедленно!",follow,all
"Команда, следуйте за мной к рубежу срочно!",follow,all
"Команда, следуйте за мной к шлюзу побыстрее!",follow,all
"Экипажу, следуйте за мной к точке сбора!",follow,all
Следуй за мной к цели срочно!,follow,near
Следуй за мной к рубежу живо!,follow,near
Следуй по моему курсу немедленно!,follow,near
Следуй за мной вперёд побыстрее!,follow,near
Следуй за мной к цели сейчас!,follow,near
Следуй по моему курсу сейчас!,follow,near
Следуй за мной к рубежу сейчас!,follow,near
Следуй за мной к точке сбора без промедления!,follow,near
Следуй по моему курсу немедленно!,follow,near
Следуй за мной к точке сбора срочно!,follow,near
Следуй за мной к рубежу сейчас!,follow,near
Следуй за мной на новую позицию сейчас!,follow,near
Следуй за мной на новую позицию срочно!,follow,near
Следуй за мной на новую позицию быстро!,follow,near
Следуй за мной на новую позицию быстро!,follow,near
Следуй за мной назад живо!,follow,near
Следуй за мной назад живо!,follow,near
Следуй по моему курсу сейчас!,follow,near
Следуй за мной на новую позицию быстро!,follow,near
Следуй за мной к шлюзу сейчас!,follow,near
Следуй по моему курсу побыстрее!,follow,near
Следуй за мной назад немедленно!,follow,near
Следуй за мной к шлюзу сейчас!,follow,near
Следуй за мной к точке сбора сейчас!,follow,near
Следуй по моему курсу!,follow,near
Следуй по моему курсу срочно!,follow,near
Следуй за мной к шлюзу без промедления!,follow,near
Следуй за мной назад сейчас!,follow,near
Следуй за мной на новую позицию сейчас!,follow,near
Следуй за мной к шлюзу немедленно!,follow,near
Следуй за мной к рубежу быстро!,follow,near
Следуй за мной к рубежу!,follow,near
Следуй за мной вперёд сейчас!,follow,near
Следуй за мной на новую позицию без промедления!,follow,near
Следуй за мной вперёд!,follow,near
Следуй за мной на новую позицию срочно!,follow,near
Следуй за мной к рубежу сейчас!,follow,near
Следуй за мной к точке сбора!,follow,near
Следуй за мной к рубежу живо!,follow,near
Следуй за мной на новую позицию!,follow,near
Следуй за мной на новую позицию немедленно!,follow,near
Следуй за мной к цели сейчас!,follow,near
Следуй за мной на новую позицию побыстрее!,follow,near
Следуй за мной к точке сбора срочно!,follow,near
Следуй за мной вперёд срочно!,follow,near
Следуй за мной вперёд срочно!,follow,near
Следуй за мной к рубежу сейчас!,follow,near
Следуй за мной к шлюзу сейчас!,follow,near
Следуй за мной к цели!,follow,near
Следуй за мной вперёд сейчас!,follow,near
Следуй за мной к рубежу живо!,follow,near
Следуй за мной на новую позицию быстро!,follow,near
Следуй за мной назад без промедления!,follow,near
Следуй за мной назад сейчас!,follow,near
Следуй за мной к шлюзу немедленно!,follow,near
Следуй по моему курсу срочно!,follow,near
Следуй за мной на новую позицию побыстрее!,follow,near
Следуй за мной к цели побыстрее!,follow,near
Следуй за мной вперёд!,follow,near
Следуй за мной на новую позицию сейчас!,follow,near
Следуй по моему курсу быстро!,follow,near
Следуй за мной к точке сбора!,follow,near
Следуй за мной на новую позицию быстро!,follow,near
Следуй за мной вперёд немедленно!,follow,near
Следуй за мной вперёд срочно!,follow,near
Следуй за мной на новую позицию быстро!,follow,near
Следуй за мной вперёд быстро!,follow,near
Следуй за мной вперёд сейчас!,follow,near
Следуй за мной на новую позицию живо!,follow,near
Следуй по моему курсу без промедления!,follow,near
Следуй за мной на новую позицию быстро!,follow,near
Следуй за мной на новую позицию без промедления!,follow,near
Следуй за мной к цели немедленно!,follow,near
Следуй за мной к цели немедленно!,follow,near
Следуй за мной вперёд срочно!,follow,near
Следуй за мной на новую позицию без промедления!,follow,near
Следуй за мной к рубежу сейчас!,follow,near
Следуй за мной вперёд!,follow,near
Следуй за мной к цели!,follow,near
Следуй за мной на новую позицию живо!,follow,near
Следуй за мной к цели побыстрее!,follow,near
Следуй за мной назад быстро!,follow,near
Следуй за мной вперёд немедленно!,follow,near
Следуй за мной к точке сбора быстро!,follow,near
Следуй по моему курсу без промедления!,follow,near
Следуй за мной к цели без промедления!,follow,near
Следуй за мной вперёд побыстрее!,follow,near
Следуй за мной назад без промедления!,follow,near
Следуй за мной на новую позицию!,follow,near
Следуй за мной вперёд без промедления!,follow,near
Следуй за мной к точке сбора!,follow,near
Следуй за мной к точке сбора живо!,follow,near
Следуй за мной на новую позицию немедленно!,follow,near
Следуй за мной назад живо!,follow,near
Следуй за мной к шлюзу побыстрее!,follow,near
Следуй за мной на новую позицию!,follow,near
Следуй за мной на новую позицию побыстрее!,follow,near
Следуй за мной к шлюзу живо!,follow,near
Следуй за мной на новую позицию срочно!,follow,near
Следуй за мной на новую позицию быстро!,follow,near
"Уничтожить противника — капитан, живо!",attack,Капитан
"Капитан, ударить по врагу побыстрее!",attack,Капитан
"Открыть огонь — командир, быстрее!",attack,Капитан
"Давай! сфокусировать огонь, главный!",attack,Капитан
"Открыть огонь — командир, срочно!",attack,Капитан
"Давай, нейтрализовать цель, капитан!",attack,Капитан
"Давай! прицельно стрелять, главный!",attack,Капитан
"атаковать цель, капитан, слушай!",attack,Капитан
"давить их, главный, ну!",attack,Капитан
"Быстрее, уничтожить противника, командир!",attack,Капитан
"В атаку — командир, живо!",attack,Капитан
"Живо, нейтрализовать цель, командир!",attack,Капитан
"Капитан, ударить по врагу быстро!",attack,Капитан
"Командир, сфокусировать огонь",attack,Капитан
"Слушай! давить их, командир!",attack,Капитан
"Командир, уничтожить противника побыстрее!",attack,Капитан
"Живо! ударить по врагу, главный!",attack,Капитан
"Быстрее, атаковать цель, капитан!",attack,Капитан
"Ну, Командир, давить их срочно!",attack,Капитан
"Капитан, ударить по врагу",attack,Капитан
"нейтрализовать цель, главный, ну!",attack,Капитан
"Эй! атаковать цель, капитан!",attack,Капитан
"Капитан, нейтрализовать цель без промедления!",attack,Капитан
"Ну! уничтожить противника, командир!",attack,Капитан
"Перекрыть подходы — капитан, слушай!",attack,Капитан
"Быстрее, открыть огонь, командир!",attack,Капитан
"Слушай, Командир, открыть огонь немедленно!",attack,Капитан
"Быстрее! прицельно стрелять, главный!",attack,Капитан
"Ну, Командир, сфокусировать огонь сейчас!",attack,Капитан
"Командир, в атаку сейчас!",attack,Капитан
"Быстрее, Командир, давить их без промедления!",attack,Капитан
"Ну, ударить по врагу, капитан!",attack,Капитан
"Ну, давить их, командир!",attack,Капитан
"Капитан, уничтожить противника немедленно!",attack,Капитан
"Живо! сфокусировать огонь, главный!",attack,Капитан
"Открыть огонь — главный, срочно!",attack,Капитан
"Быстрее! атаковать цель, командир!",attack,Капитан
"Слушай, давить их, главный!",attack,Капитан
"Командир, атаковать цель немедленно!",attack,Капитан
"Слушай, Капитан, перекрыть подходы без промедления!",attack,Капитан
"перекрыть подходы, главный, срочно!",attack,Капитан
"Командир, прицельно стрелять сейчас!",attack,Капитан
"сфокусировать огонь, командир, эй!",attack,Капитан
"Срочно! атаковать цель, капитан!",attack,Капитан
"Слушай! ударить по врагу, командир!",attack,Капитан
"Сфокусировать огонь — командир, быстрее!",attack,Капитан
"Командир, в атаку немедленно!",attack,Капитан
"Главный, атаковать цель сейчас!",attack,Капитан
"Быстрее, Главный, давить их немедленно!",attack,Капитан
"сфокусировать огонь, главный, эй!",attack,Капитан
"Быстрее! нейтрализовать цель, главный!",attack,Капитан
"Живо! нейтрализовать цель, командир!",attack,Капитан
"открыть огонь, главный, быстрее!",attack,Капитан
"давить их, капитан, срочно!",attack,Капитан
"Командир, в атаку сейчас!",attack,Капитан
"Живо! давить их, главный!",attack,Капитан
"Срочно, открыть огонь, главный!",attack,Капитан
"Давай, Главный, атаковать цель сейчас!",attack,Капитан
"Командир, атаковать цель без промедления!",attack,Капитан
"Быстрее! уничтожить противника, командир!",attack,Капитан
"Быстрее! нейтрализовать цель, командир!",attack,Капитан
"Давай, Капитан, давить их побыстрее!",attack,Капитан
"Живо, открыть огонь, командир!",attack,Капитан
"давить их, командир, эй!",attack,Капитан
"Главный, нейтрализовать цель быстро!",attack,Капитан
"Эй! в атаку, капитан!",attack,Капитан
"ударить по врагу, командир, срочно!",attack,Капитан
"Главный, в атаку",attack,Капитан
"Главный, атаковать цель сейчас!",attack,Капитан
"Слушай! ударить по врагу, главный!",attack,Капитан
"Давай, перекрыть подходы, командир!",attack,Капитан
"открыть огонь, командир, слушай!",attack,Капитан
"Живо, Главный, ударить по врагу сейчас!",attack,Капитан
"Быстрее, Командир, атаковать цель живо!",attack,Капитан
"Слушай! перекрыть подходы, командир!",attack,Капитан
"Эй, нейтрализовать цель, главный!",attack,Капитан
"нейтрализовать цель, капитан, быстрее!",attack,Капитан
"открыть огонь, капитан, давай!",attack,Капитан
"Давить их — командир, давай!",attack,Капитан
"перекрыть подходы, командир, эй!",attack,Капитан
"Командир, давить их без промедления!",attack,Капитан
"Слушай! открыть огонь, командир!",attack,Капитан
"Живо, Командир, сфокусировать огонь живо!",attack,Капитан
"Давить их — командир, эй!",attack,Капитан
"Живо! сфокусировать огонь, командир!",attack,Капитан
"Срочно! уничтожить противника, капитан!",attack,Капитан
"атаковать цель, главный, быстрее!",attack,Капитан
"Срочно, Командир, прицельно стрелять",attack,Капитан
"Капитан, ударить по врагу быстро!",attack,Капитан
"Ударить по врагу — главный, слушай!",attack,Капитан
"перекрыть подходы, капитан, давай!",attack,Капитан
"Эй! атаковать цель, главный!",attack,Капитан
"Слушай, Капитан, давить их срочно!",attack,Капитан
"атаковать цель, главный, слушай!",attack,Капитан
"Ну, Командир, атаковать цель срочно!",attack,Капитан
"Быстрее, ударить по врагу, капитан!",attack,Капитан
"Эй! в атаку, главный!",attack,Капитан
"Давить их — капитан, быстрее!",attack,Капитан
"открыть огонь, капитан, живо!",attack,Капитан
"в атаку, главный, давай!",attack,Капитан
"Прицельно стрелять — боец, быстрее!",attack,Охранник
"Быстрее! сфокусировать огонь, страж!",attack,Охранник
"Охранник, уничтожить противника срочно!",attack,Охранник
"Быстрее, ударить по врагу, боец!",attack,Охранник
"прицельно стрелять, боец, срочно!",attack,Охранник
"ударить по врагу, охранник, ну!",attack,Охранник
"Боец, давить их живо!",attack,Охранник
"Живо, нейтрализовать цель, страж!",attack,Охранник
"Срочно, нейтрализовать цель, страж!",attack,Охранник
"Атаковать цель — боец, слушай!",attack,Охранник
"Атаковать цель — страж, слушай!",attack,Охранник
"Боец, атаковать цель",attack,Охранник
"Живо, нейтрализовать цель, страж!",attack,Охранник
"Давить их — страж, живо!",attack,Охранник
"сфокусировать огонь, страж, слушай!",attack,Охранник
"Ну, нейтрализовать цель, боец!",attack,Охранник
"Срочно, сфокусировать огонь, боец!",attack,Охранник
"Эй, Боец, атаковать цель без промедления!",attack,Охранник
"Ну! открыть огонь, страж!",attack,Охранник
"Эй, Страж, атаковать цель",attack,Охранник
"Ну! сфокусировать огонь, страж!",attack,Охранник
"Давай, Страж, открыть огонь без промедления!",attack,Охранник
"Слушай, сфокусировать огонь, боец!",attack,Охранник
"в атаку, страж, живо!",attack,Охранник
"Срочно, Страж, уничтожить противника живо!",attack,Охранник
"Открыть огонь — боец, эй!",attack,Охранник
"Уничтожить противника — охранник, слушай!",attack,Охранник
"Боец, сфокусировать огонь побыстрее!",attack,Охранник
"Эй, открыть огонь, боец!",attack,Охранник
"Быстрее! уничтожить противника, охранник!",attack,Охранник
"Срочно! в атаку, боец!",attack,Охранник
"Страж, атаковать цель сейчас!",attack,Охранник
"Эй! нейтрализовать цель, охранник!",attack,Охранник
"Охранник, сфокусировать огонь сейчас!",attack,Охранник
"ударить по врагу, страж, слушай!",attack,Охранник
"Нейтрализовать цель — охранник, эй!",attack,Охранник
"Давай, Страж, ударить по врагу",attack,Охранник
"Быстрее, Боец, перекрыть подходы быстро!",attack,Охранник
"Быстрее, Охранник, ударить по врагу живо!",attack,Охранник
"Слушай, перекрыть подходы, страж!",attack,Охранник
"Охранник, нейтрализовать цель побыстрее!",attack,Охранник
"Атаковать цель — охранник, живо!",attack,Охранник
"прицельно стрелять, охранник, срочно!",attack,Охранник
"перекрыть подходы, боец, эй!",attack,Охранник
"атаковать цель, страж, быстрее!",attack,Охранник
"Быстрее, нейтрализовать цель, страж!",attack,Охранник
"Ну, Охранник, атаковать цель без промедления!",attack,Охранник
"Срочно, давить их, боец!",attack,Охранник
"Перекрыть подходы — охранник, живо!",attack,Охранник
"Боец, уничтожить противника побыстрее!",attack,Охранник
"Быстрее, Боец, нейтрализовать цель сейчас!",attack,Охранник
"Боец, нейтрализовать цель побыстрее!",attack,Охранник
"Ну! в атаку, страж!",attack,Охранник
"Слушай! перекрыть подходы, страж!",attack,Охранник
"Перекрыть подходы — страж, живо!",attack,Охранник
"Нейтрализовать цель — страж, ну!",attack,Охранник
"Слушай! давить их, страж!",attack,Охранник
"открыть огонь, охранник, ну!",attack,Охранник
"Давай, Боец, давить их без промедления!",attack,Охранник
"Срочно, нейтрализовать цель, охранник!",attack,Охранник
"Боец, ударить по врагу побыстрее!",attack,Охранник
"Живо, Страж, перекрыть подходы без промедления!",attack,Охранник
"В атаку — боец, давай!",attack,Охранник
"Ну, Страж, давить их срочно!",attack,Охранник
"Охранник, атаковать цель без промедления!",attack,Охранник
"Давить их — боец, срочно!",attack,Охранник
"Срочно, открыть огонь, страж!",attack,Охранник
"в атаку, страж, живо!",attack,Охранник
"Срочно! сфокусировать огонь, страж!",attack,Охранник
"ударить по врагу, охранник, эй!",attack,Охранник
"Давай, Охранник, давить их немедленно!",attack,Охранник
"давить их, боец, слушай!",attack,Охранник
"Открыть огонь — боец, слушай!",attack,Охранник
"прицельно стрелять, боец, живо!",attack,Охранник
"Ну! давить их, боец!",attack,Охранник
"Боец, прицельно стрелять быстро!",attack,Охранник
"Слушай, нейтрализовать цель, страж!",attack,Охранник
"Атаковать цель — боец, эй!",attack,Охранник
"Ударить по врагу — боец, эй!",attack,Охранник
"Ну, перекрыть подходы, боец!",attack,Охранник
"давить их, страж, эй!",attack,Охранник
"Живо! уничтожить противника, боец!",attack,Охранник
"Охранник, перекрыть подходы быстро!",attack,Охранник
"Эй, нейтрализовать цель, боец!",attack,Охранник
"Срочно, Охранник, открыть огонь без промедления!",attack,Охранник
"Эй, Боец, сфокусировать огонь срочно!",attack,Охранник
"Живо! открыть огонь, боец!",attack,Охранник
"Живо! перекрыть подходы, страж!",attack,Охранник
"уничтожить противника, страж, срочно!",attack,Охранник
"Ну, уничтожить противника, охранник!",attack,Охранник
"Атаковать цель — страж, эй!",attack,Охранник
"Быстрее, Охранник, нейтрализовать цель быстро!",attack,Охранник
"открыть огонь, охранник, быстрее!",attack,Охранник
"Давить их — боец, давай!",attack,Охранник
"Слушай, Страж, перекрыть подходы немедленно!",attack,Охранник
"Ударить по врагу — страж, давай!",attack,Охранник
"нейтрализовать цель, охранник, эй!",attack,Охранник
"Открыть огонь — охранник, быстрее!",attack,Охранник
"Нейтрализовать цель — боец, давай!",attack,Охранник
"Охранник, нейтрализовать цель сейчас!",attack,Охранник
"перекрыть подходы, док, живо!",attack,Медик
"Эй! прицельно стрелять, медик!",attack,Медик
"Ну, нейтрализовать цель, врач!",attack,Медик
"Эй, Врач, сфокусировать огонь побыстрее!",attack,Медик
"открыть огонь, док, срочно!",attack,Медик
"нейтрализовать цель, врач, ну!",attack,Медик
"Живо, открыть огонь, док!",attack,Медик
"Давить их — док, живо!",attack,Медик
"Быстрее, уничтожить противника, док!",attack,Медик
"давить их, док, быстрее!",attack,Медик
"прицельно стрелять, медик, эй!",attack,Медик
"Быстрее, уничтожить противника, медик!",attack,Медик
"открыть огонь, врач, быстрее!",attack,Медик
"Слушай, ударить по врагу, медик!",attack,Медик
"Быстрее! открыть огонь, медик!",attack,Медик
"Эй, уничтожить противника, врач!",attack,Медик
"Сфокусировать огонь — медик, быстрее!",attack,Медик
"Срочно, давить их, врач!",attack,Медик
"Док, нейтрализовать цель",attack,Медик
"атаковать цель, врач, живо!",attack,Медик
"Эй, Медик, прицельно стрелять сейчас!",attack,Медик
"Медик, сфокусировать огонь побыстрее!",attack,Медик
"Слушай, перекрыть подходы, врач!",attack,Медик
"Давай! сфокусировать огонь, док!",attack,Медик
"Врач, открыть огонь срочно!",attack,Медик
"Прицельно стрелять — медик, быстрее!",attack,Медик
"Давай, перекрыть подходы, врач!",attack,Медик
"ударить по врагу, медик, слушай!",attack,Медик
"Прицельно стрелять — медик, быстрее!",attack,Медик
"Живо! нейтрализовать цель, док!",attack,Медик
"Док, открыть огонь быстро!",attack,Медик
"Ну, Док, давить их быстро!",attack,Медик
"Врач, сфокусировать огонь",attack,Медик
"Ну! уничтожить противника, врач!",attack,Медик
"перекрыть подходы, медик, эй!",attack,Медик
"Врач, давить их",attack,Медик
"нейтрализовать цель, врач, ну!",attack,Медик
"Эй, Врач, нейтрализовать цель",attack,Медик
"Эй, Медик, открыть огонь срочно!",attack,Медик
"Быстрее, в атаку, врач!",attack,Медик
"Эй, Док, сфокусировать огонь сейчас!",attack,Медик
"Ну, открыть огонь, док!",attack,Медик
"Медик, уничтожить противника быстро!",attack,Медик
"Быстрее, Медик, перекрыть подходы немедленно!",attack,Медик
"ударить по врагу, врач, эй!",attack,Медик
"в атаку, док, давай!",attack,Медик
"ударить по врагу, врач, эй!",attack,Медик
"Док, прицельно стрелять срочно!",attack,Медик
"Врач, сфокусировать огонь живо!",attack,Медик
"Давай, атаковать цель, медик!",attack,Медик
"Живо! атаковать цель, медик!",attack,Медик
"Быстрее! в атаку, врач!",attack,Медик
"Эй! прицельно стрелять, врач!",attack,Медик
"Док, прицельно стрелять без промедления!",attack,Медик
"Быстрее! прицельно стрелять, врач!",attack,Медик
"Давай! давить их, медик!",attack,Медик
"Ну! прицельно стрелять, док!",attack,Медик
"Живо, уничтожить противника, врач!",attack,Медик
"Живо! давить их, док!",attack,Медик
"прицельно стрелять, док, живо!",attack,Медик
"Медик, прицельно стрелять живо!",attack,Медик
"Открыть огонь — медик, живо!",attack,Медик
"Давить их — медик, давай!",attack,Медик
"Эй, атаковать цель, медик!",attack,Медик
"Эй, сфокусировать огонь, док!",attack,Медик
"Срочно, Док, прицельно стрелять живо!",attack,Медик
"Эй! нейтрализовать цель, врач!",attack,Медик
"Эй! атаковать цель, медик!",attack,Медик
"Ну! открыть огонь, док!",attack,Медик
"Врач, давить их немедленно!",attack,Медик
"Док, прицельно стрелять немедленно!",attack,Медик
"Ударить по врагу — медик, срочно!",attack,Медик
"Слушай, Врач, в атаку сейчас!",attack,Медик
"ударить по врагу, медик, слушай!",attack,Медик
"Живо! ударить по врагу, док!",attack,Медик
"Давай, ударить по врагу, док!",attack,Медик
"Сфокусировать огонь — док, срочно!",attack,Медик
"Врач, нейтрализовать цель срочно!",attack,Медик
"Врач, перекрыть подходы живо!",attack,Медик
"Живо, Медик, сфокусировать огонь сейчас!",attack,Медик
"В атаку — док, давай!",attack,Медик
"Слушай, в атаку, док!",attack,Медик
"Давай, перекрыть подходы, врач!",attack,Медик
"Давай, ударить по врагу, док!",attack,Медик
"Живо, открыть огонь, док!",attack,Медик
"Живо, атаковать цель, медик!",attack,Медик
"Слушай, Медик, уничтожить противника срочно!",attack,Медик
"Быстрее! в атаку, медик!",attack,Медик
"атаковать цель, медик, эй!",attack,Медик
"Слушай, перекрыть подходы, док!",attack,Медик
"Открыть огонь — док, живо!",attack,Медик
"Врач, сфокусировать огонь быстро!",attack,Медик
"Давить их — медик, ну!",attack,Медик
"уничтожить противника, медик, эй!",attack,Медик
"атаковать цель, медик, слушай!",attack,Медик
"Живо, Врач, перекрыть подходы немедленно!",attack,Медик
"Док, атаковать цель без промедления!",attack,Медик
"Медик, атаковать цель",attack,Медик
"Давай! нейтрализовать цель, врач!",attack,Медик
"Док, атаковать цель срочно!",attack,Медик
"Ну! прицельно стрелять, инженер!",attack,Инженер
"Техник, нейтрализовать цель",attack,Инженер
"Живо, нейтрализовать цель, электрик!",attack,Инженер
"Эй, Электрик, атаковать цель живо!",attack,Инженер
"Живо, ударить по врагу, техник!",attack,Инженер
"давить их, электрик, быстрее!",attack,Инженер
"Эй, Инженер, сфокусировать огонь быстро!",attack,Инженер
"Техник, давить их срочно!",attack,Инженер
"Слушай, Техник, давить их",attack,Инженер
"Эй, атаковать цель, техник!",attack,Инженер
"Ударить по врагу — техник, давай!",attack,Инженер
"Срочно, перекрыть подходы, инженер!",attack,Инженер
"Уничтожить противника — инженер, давай!",attack,Инженер
"атаковать цель, техник, срочно!",attack,Инженер
"Живо, прицельно стрелять, инженер!",attack,Инженер
"Ну! атаковать цель, инженер!",attack,Инженер
"Техник, атаковать цель сейчас!",attack,Инженер
"Ударить по врагу — техник, слушай!",attack,Инженер
"Быстрее, ударить по врагу, техник!",attack,Инженер
"Открыть огонь — техник, срочно!",attack,Инженер
"Живо, Инженер, атаковать цель срочно!",attack,Инженер
"Техник, открыть огонь сейчас!",attack,Инженер
"Эй! нейтрализовать цель, техник!",attack,Инженер
"Техник, атаковать цель срочно!",attack,Инженер
"перекрыть подходы, инженер, срочно!",attack,Инженер
"Срочно, давить их, техник!",attack,Инженер
"Слушай, уничтожить противника, техник!",attack,Инженер
"Электрик, атаковать цель немедленно!",attack,Инженер
"Техник, сфокусировать огонь срочно!",attack,Инженер
"Быстрее, давить их, техник!",attack,Инженер
"Эй, Электрик, уничтожить противника сейчас!",attack,Инженер
"Эй, прицельно стрелять, инженер!",attack,Инженер
"Срочно! уничтожить противника, инженер!",attack,Инженер
"Прицельно стрелять — электрик, быстрее!",attack,Инженер
"Прицельно стрелять — инженер, слушай!",attack,Инженер
"Сфокусировать огонь — инженер, быстрее!",attack,Инженер
"Инженер, уничтожить противника побыстрее!",attack,Инженер
"Сфокусировать огонь — техник, ну!",attack,Инженер
"уничтожить противника, электрик, срочно!",attack,Инженер
"Живо, Инженер, перекрыть подходы без промедления!",attack,Инженер
"Инженер, нейтрализовать цель сейчас!",attack,Инженер
"Срочно! нейтрализовать цель, техник!",attack,Инженер
"Слушай, уничтожить противника, электрик!",attack,Инженер
"Ну, в атаку, техник!",attack,Инженер
"Слушай! прицельно стрелять, инженер!",attack,Инженер
"Давай! нейтрализовать цель, техник!",attack,Инженер
"открыть огонь, техник, давай!",attack,Инженер
"Техник, нейтрализовать цель живо!",attack,Инженер
"Быстрее, Инженер, прицельно стрелять живо!",attack,Инженер
"Сфокусировать огонь — инженер, живо!",attack,Инженер
"Перекрыть подходы — электрик, срочно!",attack,Инженер
"Живо! в атаку, инженер!",attack,Инженер
"Слушай, Техник, открыть огонь",attack,Инженер
"Перекрыть подходы — техник, эй!",attack,Инженер
"Инженер, нейтрализовать цель срочно!",attack,Инженер
"Техник, давить их сейчас!",attack,Инженер
"Электрик, в атаку живо!",attack,Инженер
"Давить их — техник, ну!",attack,Инженер
"Слушай, Инженер, открыть огонь сейчас!",attack,Инженер
"перекрыть подходы, техник, давай!",attack,Инженер
"Срочно, сфокусировать огонь, электрик!",attack,Инженер
"Давай, прицельно стрелять, инженер!",attack,Инженер
"Ну! атаковать цель, техник!",attack,Инженер
"Эй! ударить по врагу, электрик!",attack,Инженер
"Срочно, Инженер, давить их срочно!",attack,Инженер
"уничтожить противника, техник, быстрее!",attack,Инженер
"Слушай, открыть огонь, инженер!",attack,Инженер
"Давай, Электрик, атаковать цель побыстрее!",attack,Инженер
"открыть огонь, инженер, эй!",attack,Инженер
"Давай, прицельно стрелять, инженер!",attack,Инженер
"Эй, атаковать цель, электрик!",attack,Инженер
"Электрик, открыть огонь без промедления!",attack,Инженер
"Ну! в атаку, электрик!",attack,Инженер
"Нейтрализовать цель — электрик, слушай!",attack,Инженер
"Слушай! нейтрализовать цель, техник!",attack,Инженер
"Срочно, давить их, техник!",attack,Инженер
"Техник, ударить по врагу без промедления!",attack,Инженер
"Техник, в атаку побыстрее!",attack,Инженер
"перекрыть подходы, техник, быстрее!",attack,Инженер
"перекрыть подходы, электрик, слушай!",attack,Инженер
"Атаковать цель — инженер, живо!",attack,Инженер
"Ну, нейтрализовать цель, техник!",attack,Инженер
"Живо, перекрыть подходы, инженер!",attack,Инженер
"Электрик, в атаку побыстрее!",attack,Инженер
"Эй! атаковать цель, инженер!",attack,Инженер
"давить их, техник, живо!",attack,Инженер
"Слушай, Инженер, перекрыть подходы срочно!",attack,Инженер
"Давай, атаковать цель, электрик!",attack,Инженер
"Быстрее, атаковать цель, электрик!",attack,Инженер
"Прицельно стрелять — электрик, ну!",attack,Инженер
"Электрик, перекрыть подходы срочно!",attack,Инженер
"Быстрее! уничтожить противника, электрик!",attack,Инженер
"уничтожить противника, электрик, давай!",attack,Инженер
"Инженер, в атаку срочно!",attack,Инженер
"Срочно! прицельно стрелять, техник!",attack,Инженер
"Эй, Инженер, перекрыть подходы без промедления!",attack,Инженер
"Техник, давить их",attack,Инженер
"Живо! перекрыть подходы, инженер!",attack,Инженер
"Уничтожить противника — инженер, эй!",attack,Инженер
"Эй! перекрыть подходы, инженер!",attack,Инженер
"Эй, уничтожить противника, ремонтник!",attack,Механик
"Срочно, Механик, сфокусировать огонь срочно!",attack,Механик
"Давай! перекрыть подходы, механик!",attack,Механик
"Давай, Механик, нейтрализовать цель срочно!",attack,Механик
"давить их, ремонтник, давай!",attack,Механик
"Чинила, в атаку без промедления!",attack,Механик
"Живо! прицельно стрелять, чинила!",attack,Механик
"Живо, Ремонтник, ударить по врагу срочно!",attack,Механик
"Чинила, уничтожить противника",attack,Механик
"Слушай! ударить по врагу, ремонтник!",attack,Механик
"Эй, нейтрализовать цель, ремонтник!",attack,Механик
"Быстрее, ударить по врагу, механик!",attack,Механик
"Слушай, перекрыть подходы, ремонтник!",attack,Механик
"Быстрее, перекрыть подходы, чинила!",attack,Механик
"Чинила, перекрыть подходы быстро!",attack,Механик
"В атаку — чинила, эй!",attack,Механик
"Живо, ударить по врагу, чинила!",attack,Механик
"Давай, Ремонтник, атаковать цель без промедления!",attack,Механик
"Перекрыть подходы — механик, живо!",attack,Механик
"Прицельно стрелять — механик, быстрее!",attack,Механик
"Быстрее! атаковать цель, чинила!",attack,Механик
"давить их, чинила, срочно!",attack,Механик
"Ремонтник, нейтрализовать цель без промедления!",attack,Механик
"Уничтожить противника — ремонтник, быстрее!",attack,Механик
"открыть огонь, ремонтник, ну!",attack,Механик
"атаковать цель, ремонтник, давай!",attack,Механик
"Механик, перекрыть подходы живо!",attack,Механик
"Ремонтник, ударить по врагу сейчас!",attack,Механик
"Давай, в атаку, ремонтник!",attack,Механик
"ударить по врагу, механик, быстрее!",attack,Механик
"Чинила, прицельно стрелять живо!",attack,Механик
"Перекрыть подходы — ремонтник, срочно!",attack,Механик
"Слушай, атаковать цель, ремонтник!",attack,Механик
"Ну, Ремонтник, атаковать цель немедленно!",attack,Механик
"Слушай! открыть огонь, ремонтник!",attack,Механик
"нейтрализовать цель, механик, быстрее!",attack,Механик
"перекрыть подходы, механик, эй!",attack,Механик
"Быстрее, Механик, давить их",attack,Механик
"Живо! перекрыть подходы, ремонтник!",attack,Механик
"Давай, нейтрализовать цель, ремонтник!",attack,Механик
"Сфокусировать огонь — механик, эй!",attack,Механик
"Механик, прицельно стрелять немедленно!",attack,Механик
"Давай! сфокусировать огонь, ремонтник!",attack,Механик
"Давить их — механик, давай!",attack,Механик
"Уничтожить противника — ремонтник, слушай!",attack,Механик
"Ремонтник, нейтрализовать цель побыстрее!",attack,Механик
"Эй! сфокусировать огонь, чинила!",attack,Механик
"Ударить по врагу — чинила, срочно!",attack,Механик
"Эй, Механик, сфокусировать огонь без промедления!",attack,Механик
"Чинила, открыть огонь сейчас!",attack,Механик
"прицельно стрелять, чинила, живо!",attack,Механик
"Ударить по врагу — ремонтник, эй!",attack,Механик
"уничтожить противника, механик, ну!",attack,Механик
"Открыть огонь — ремонтник, давай!",attack,Механик
"Живо! перекрыть подходы, ремонтник!",attack,Механик
"Ремонтник, сфокусировать огонь срочно!",attack,Механик
"Срочно, прицельно стрелять, чинила!",attack,Механик
"Ну, прицельно стрелять, механик!",attack,Механик
"давить их, чинила, эй!",attack,Механик
"Ремонтник, прицельно стрелять",attack,Механик
"прицельно стрелять, механик, живо!",attack,Механик
"Ну! прицельно стрелять, механик!",attack,Механик
"Уничтожить противника — ремонтник, ну!",attack,Механик
"Ну! атаковать цель, механик!",attack,Механик
"Механик, нейтрализовать цель побыстрее!",attack,Механик
"Срочно, Механик, атаковать цель без промедления!",attack,Механик
"Слушай! давить их, чинила!",attack,Механик
"Слушай! ударить по врагу, ремонтник!",attack,Механик
"Давай, прицельно стрелять, механик!",attack,Механик
"Срочно, Механик, перекрыть подходы побыстрее!",attack,Механик
"Срочно, открыть огонь, ремонтник!",attack,Механик
"Живо, уничтожить противника, чинила!",attack,Механик
"Эй, уничтожить противника, механик!",attack,Механик
"Давай, Ремонтник, атаковать цель живо!",attack,Механик
"Механик, открыть огонь без промедления!",attack,Механик
"Быстрее! открыть огонь, чинила!",attack,Механик
"Быстрее, нейтрализовать цель, ремонтник!",attack,Механик
"Механик, ударить по врагу быстро!",attack,Механик
"прицельно стрелять, ремонтник, живо!",attack,Механик
"Эй! атаковать цель, чинила!",attack,Механик
"Эй, давить их, ремонтник!",attack,Механик
"Живо! ударить по врагу, чинила!",attack,Механик
"уничтожить противника, ремонтник, слушай!",attack,Механик
"Давай, прицельно стрелять, чинила!",attack,Механик
"Срочно! в атаку, чинила!",attack,Механик
"Срочно! уничтожить противника, ремонтник!",attack,Механик
"Быстрее, Чинила, ударить по врагу без промедления!",attack,Механик
"Слушай, сфокусировать огонь, чинила!",attack,Механик
"Ну! открыть огонь, ремонтник!",attack,Механик
"Нейтрализовать цель — ремонтник, эй!",attack,Механик
"Ну! прицельно стрелять, чинила!",attack,Механик
"Эй, открыть огонь, ремонтник!",attack,Механик
"Быстрее, ударить по врагу, ремонтник!",attack,Механик
"Быстрее, прицельно стрелять, чинила!",attack,Механик
"Быстрее, Механик, перекрыть подходы сейчас!",attack,Механик
"Давить их — механик, эй!",attack,Механик
"Живо, сфокусировать огонь, механик!",attack,Механик
"Слушай, Чинила, ударить по врагу срочно!",attack,Механик
"нейтрализовать цель, механик, ну!",attack,Механик
"Ну, атаковать цель, ремонтник!",attack,Механик
"Эй, атаковать цель, ассистент!",attack,Помощник
"Эй, атаковать цель, помощник!",attack,Помощник
"Срочно! перекрыть подходы, подручный!",attack,Помощник
"Ну! ударить по врагу, подручный!",attack,Помощник
"Живо, Ассистент, в атаку живо!",attack,Помощник
"Эй, Ассистент, давить их сейчас!",attack,Помощник
"Помощник, уничтожить противника",attack,Помощник
"Ассистент, перекрыть подходы немедленно!",attack,Помощник
"давить их, подручный, слушай!",attack,Помощник
"Быстрее, атаковать цель, помощник!",attack,Помощник
"сфокусировать огонь, подручный, быстрее!",attack,Помощник
"Срочно! прицельно стрелять, помощник!",attack,Помощник
"ударить по врагу, ассистент, эй!",attack,Помощник
"Слушай! давить их, подручный!",attack,Помощник
"Сфокусировать огонь — ассистент, живо!",attack,Помощник
"Давай, ударить по врагу, подручный!",attack,Помощник
"Быстрее, открыть огонь, помощник!",attack,Помощник
"Помощник, в атаку живо!",attack,Помощник
"Ассистент, атаковать цель без промедления!",attack,Помощник
"Ассистент, в атаку живо!",attack,Помощник
"Слушай! перекрыть подходы, помощник!",attack,Помощник
"Быстрее, перекрыть подходы, помощник!",attack,Помощник
"Срочно! уничтожить противника, помощник!",attack,Помощник
"Уничтожить противника — подручный, эй!",attack,Помощник
"Эй, в атаку, помощник!",attack,Помощник
"Ну, открыть огонь, помощник!",attack,Помощник
"Живо, открыть огонь, подручный!",attack,Помощник
"Живо! давить их, помощник!",attack,Помощник
"Слушай! открыть огонь, ассистент!",attack,Помощник
"прицельно стрелять, помощник, слушай!",attack,Помощник
"Перекрыть подходы — ассистент, давай!",attack,Помощник
"Эй, уничтожить противника, помощник!",attack,Помощник
"Ну, Подручный, атаковать цель побыстрее!",attack,Помощник
"В атаку — ассистент, слушай!",attack,Помощник
"Быстрее! в атаку, подручный!",attack,Помощник
"Быстрее, Ассистент, открыть огонь быстро!",attack,Помощник
"Быстрее, Подручный, прицельно стрелять без промедления!",attack,Помощник
"Срочно, атаковать цель, помощник!",attack,Помощник
"ударить по врагу, помощник, срочно!",attack,Помощник
"Эй! ударить по врагу, помощник!",attack,Помощник
"В атаку — ассистент, ну!",attack,Помощник
"Подручный, перекрыть подходы срочно!",attack,Помощник
"Живо, уничтожить противника, подручный!",attack,Помощник
"Быстрее, Помощник, давить их",attack,Помощник
"Ну! ударить по врагу, ассистент!",attack,Помощник
"в атаку, ассистент, живо!",attack,Помощник
"Эй! ударить по врагу, помощник!",attack,Помощник
"Прицельно стрелять — ассистент, быстрее!",attack,Помощник
"Живо, нейтрализовать цель, подручный!",attack,Помощник
"Живо, уничтожить противника, ассистент!",attack,Помощник
"Ну! в атаку, ассистент!",attack,Помощник
"Прицельно стрелять — подручный, быстрее!",attack,Помощник
"Подручный, открыть огонь живо!",attack,Помощник
"Живо, Помощник, прицельно стрелять немедленно!",attack,Помощник
"открыть огонь, ассистент, ну!",attack,Помощник
"Эй, нейтрализовать цель, подручный!",attack,Помощник
"перекрыть подходы, подручный, эй!",attack,Помощник
"давить их, подручный, ну!",attack,Помощник
"Прицельно стрелять — ассистент, слушай!",attack,Помощник
"атаковать цель, ассистент, эй!",attack,Помощник
"Уничтожить противника — помощник, давай!",attack,Помощник
"Перекрыть подходы — помощник, слушай!",attack,Помощник
"Ну! в атаку, ассистент!",attack,Помощник
"Живо, открыть огонь, ассистент!",attack,Помощник
"Живо, Подручный, в атаку живо!",attack,Помощник
"Быстрее, Подручный, нейтрализовать цель побыстрее!",attack,Помощник
"Перекрыть подходы — подручный, слушай!",attack,Помощник
"уничтожить противника, подручный, срочно!",attack,Помощник
"Слушай, перекрыть подходы, помощник!",attack,Помощник
"Слушай, сфокусировать огонь, помощник!",attack,Помощник
"Сфокусировать огонь — ассистент, живо!",attack,Помощник
"Быстрее, сфокусировать огонь, ассистент!",attack,Помощник
"в атаку, помощник, ну!",attack,Помощник
"сфокусировать огонь, помощник, срочно!",attack,Помощник
"Слушай, ударить по врагу, помощник!",attack,Помощник
"в атаку, ассистент, срочно!",attack,Помощник
"Быстрее, Ассистент, открыть огонь живо!",attack,Помощник
"Срочно! ударить по врагу, подручный!",attack,Помощник
"Помощник, открыть огонь немедленно!",attack,Помощник
"Прицельно стрелять — помощник, давай!",attack,Помощник
"Эй, Помощник, открыть огонь быстро!",attack,Помощник
"Быстрее! открыть огонь, ассистент!",attack,Помощник
"Атаковать цель — помощник, слушай!",attack,Помощник
"Перекрыть подходы — ассистент, давай!",attack,Помощник
"Сфокусировать огонь — помощник, эй!",attack,Помощник
"Ну, сфокусировать огонь, ассистент!",attack,Помощник
"Давить их — ассистент, давай!",attack,Помощник
"в атаку, подручный, срочно!",attack,Помощник
"Ну, Ассистент, давить их живо!",attack,Помощник
"Эй! сфокусировать огонь, ассистент!",attack,Помощник
"Живо, в атаку, ассистент!",attack,Помощник
"Давай! открыть огонь, ассистент!",attack,Помощник
"сфокусировать огонь, подручный, эй!",attack,Помощник
"Живо, прицельно стрелять, помощник!",attack,Помощник
"Живо! перекрыть подходы, подручный!",attack,Помощник
"Ну, Помощник, давить их",attack,Помощник
"Помощник, открыть огонь быстро!",attack,Помощник
"Подручный, атаковать цель побыстрее!",attack,Помощник
"Быстрее! уничтожить противника, подручный!",attack,Помощник
"Ну, открыть огонь, помощник!",attack,Помощник
"Команда, перекрыть подходы без промедления!",attack,all
"Всему отряду, нейтрализовать цель без промедления!",attack,all
"Всем составом, открыть огонь без промедления!",attack,all
"Всему отряду, перекрыть подходы",attack,all
"Всему отряду, в атаку",attack,all
"Всем составом, в атаку немедленно!",attack,all
"Всем, в атаку сейчас!",attack,all
"Всему отряду, перекрыть подходы",attack,all
"Всему отряду, перекрыть подходы немедленно!",attack,all
"Всем составом, перекрыть подходы побыстрее!",attack,all
"Экипажу, ударить по врагу немедленно!",attack,all
"Экипажу, ударить по врагу немедленно!",attack,all
"Всем, ударить по врагу немедленно!",attack,all
"Экипажу, прицельно стрелять побыстрее!",attack,all
"Всем составом, давить их сейчас!",attack,all
"Команда, сфокусировать огонь",attack,all
"Всем, нейтрализовать цель без промедления!",attack,all
"Команда, прицельно стрелять сейчас!",attack,all
"Экипажу, ударить по врагу без промедления!",attack,all
"Всем, открыть огонь срочно!",attack,all
"Всем составом, ударить по врагу немедленно!",attack,all
"Экипажу, прицельно стрелять сейчас!",attack,all
"Всем составом, прицельно стрелять живо!",attack,all
"Всем, уничтожить противника срочно!",attack,all
"Экипажу, в атаку немедленно!",attack,all
"Экипажу, открыть огонь срочно!",attack,all
"Всем составом, прицельно стрелять сейчас!",attack,all
"Всему отряду, нейтрализовать цель срочно!",attack,all
"Экипажу, прицельно стрелять срочно!",attack,all
"Всем составом, в атаку сейчас!",attack,all
"Всем составом, прицельно стрелять быстро!",attack,all
"Всем составом, сфокусировать огонь побыстрее!",attack,all
"Всему отряду, давить их живо!",attack,all
"Всем, давить их живо!",attack,all
"Команда, открыть огонь",attack,all
"Всем составом, ударить по врагу живо!",attack,all
"Всем составом, прицельно стрелять",attack,all
"Всем составом, сфокусировать огонь немедленно!",attack,all
"Команда, открыть огонь немедленно!",attack,all
"Всему отряду, сфокусировать огонь побыстрее!",attack,all
"Экипажу, прицельно стрелять",attack,all
"Экипажу, в атаку",attack,all
"Всем составом, открыть огонь быстро!",attack,all
"Команда, ударить по врагу без промедления!",attack,all
"Экипажу, атаковать цель немедленно!",attack,all
"Всем составом, ударить по врагу живо!",attack,all
"Экипажу, в атаку быстро!",attack,all
"Всем, сфокусировать огонь живо!",attack,all
"Всем, ударить по врагу срочно!",attack,all
"Всему отряду, сфокусировать огонь немедленно!",attack,all
"Всему отряду, открыть огонь без промедления!",attack,all
"Всем составом, ударить по врагу побыстрее!",attack,all
"Команда, нейтрализовать цель срочно!",attack,all
"Экипажу, атаковать цель сейчас!",attack,all
"Команда, в атаку сейчас!",attack,all
"Всему отряду, ударить по врагу побыстрее!",attack,all
"Всем, прицельно стрелять срочно!",attack,all
"Всем составом, ударить по врагу побыстрее!",attack,all
"Команда, перекрыть подходы",attack,all
"Всем, ударить по врагу сейчас!",attack,all
"Всем, открыть огонь живо!",attack,all
"Всем составом, сфокусировать огонь живо!",attack,all
"Экипажу, ударить по врагу побыстрее!",attack,all
"Всем, в атаку побыстрее!",attack,all
"Команда, нейтрализовать цель срочно!",attack,all
"Команда, атаковать цель",attack,all
"Всем, уничтожить противника быстро!",attack,all
"Экипажу, открыть огонь быстро!",attack,all
"Экипажу, давить их",attack,all
"Всем, ударить по врагу побыстрее!",attack,all
"Всему отряду, открыть огонь",attack,all
"Всем составом, ударить по врагу немедленно!",attack,all
"Команда, уничтожить противника срочно!",attack,all
"Экипажу, ударить по врагу срочно!",attack,all
"Всем, атаковать цель без промедления!",attack,all
"Всему отряду, атаковать цель немедленно!",attack,all
"Экипажу, атаковать цель побыстрее!",attack,all
"Экипажу, в атаку без промедления!",attack,all
"Всему отряду, ударить по врагу сейчас!",attack,all
"Всем, открыть огонь быстро!",attack,all
"Всему отряду, сфокусировать огонь сейчас!",attack,all
"Команда, уничтожить противника срочно!",attack,all
"Всему отряду, давить их живо!",attack,all
"Экипажу, открыть огонь",attack,all
"Всем, давить их немедленно!",attack,all
"Команда, уничтожить противника быстро!",attack,all
"Команда, атаковать цель срочно!",attack,all
"Всем составом, давить их живо!",attack,all
"Всему отряду, прицельно стрелять быстро!",attack,all
"Команда, открыть огонь быстро!",attack,all
"Всему отряду, давить их быстро!",attack,all
"Команда, в атаку без промедления!",attack,all
"Команда, ударить по врагу живо!",attack,all
"Экипажу, уничтожить противника сейчас!",attack,all
"Всем составом, открыть огонь живо!",attack,all
"Всему отряду, атаковать цель немедленно!",attack,all
"Всем составом, давить их сейчас!",attack,all
"Команда, нейтрализовать цель быстро!",attack,all
"Экипажу, нейтрализовать цель живо!",attack,all
"Всему отряду, в атаку побыстрее!",attack,all
Сфокусировать огонь сейчас!,attack,near
Атаковать цель сейчас!,attack,near
Нейтрализовать цель побыстрее!,attack,near
Перекрыть подходы немедленно!,attack,near
Атаковать цель живо!,attack,near
Давить их побыстрее!,attack,near
Открыть огонь сейчас!,attack,near
Сфокусировать огонь немедленно!,attack,near
Давить их побыстрее!,attack,near
Нейтрализовать цель немедленно!,attack,near
Прицельно стрелять срочно!,attack,near
Давить их немедленно!,attack,near
Уничтожить противника без промедления!,attack,near
Сфокусировать огонь быстро!,attack,near
Перекрыть подходы срочно!,attack,near
Открыть огонь побыстрее!,attack,near
Атаковать цель сейчас!,attack,near
Прицельно стрелять немедленно!,attack,near
Нейтрализовать цель,attack,near
Давить их быстро!,attack,near
Ударить по врагу срочно!,attack,near
Открыть огонь немедленно!,attack,near
Уничтожить противника срочно!,attack,near
Сфокусировать огонь немедленно!,attack,near
Открыть огонь срочно!,attack,near
Нейтрализовать цель немедленно!,attack,near
Атаковать цель немедленно!,attack,near
Нейтрализовать цель,attack,near
Прицельно стрелять срочно!,attack,near
Сфокусировать огонь быстро!,attack,near
Сфокусировать огонь сейчас!,attack,near
Давить их живо!,attack,near
Перекрыть подходы,attack,near
В атаку живо!,attack,near
Давить их немедленно!,attack,near
Перекрыть подходы немедленно!,attack,near
Атаковать цель быстро!,attack,near
Перекрыть подходы живо!,attack,near
Сфокусировать огонь без промедления!,attack,near
Атаковать цель побыстрее!,attack,near
Сфокусировать огонь живо!,attack,near
Давить их побыстрее!,attack,near
Прицельно стрелять побыстрее!,attack,near
Ударить по врагу срочно!,attack,near
Уничтожить противника срочно!,attack,near
Ударить по врагу срочно!,attack,near
Прицельно стрелять живо!,attack,near
В атаку побыстрее!,attack,near
Ударить по врагу живо!,attack,near
Давить их живо!,attack,near
Открыть огонь сейчас!,attack,near
Перекрыть подходы без промедления!,attack,near
Прицельно стрелять побыстрее!,attack,near
Открыть огонь без промедления!,attack,near
Атаковать цель сейчас!,attack,near
Перекрыть подходы быстро!,attack,near
Открыть огонь без промедления!,attack,near
Ударить по врагу живо!,attack,near
Нейтрализовать цель побыстрее!,attack,near
Уничтожить противника срочно!,attack,near
Открыть огонь срочно!,attack,near
Нейтрализовать цель сейчас!,attack,near
Атаковать цель живо!,attack,near
Ударить по врагу живо!,attack,near
Уничтожить противника срочно!,attack,near
Давить их без промедления!,attack,near
В атаку сейчас!,attack,near
Давить их без промедления!,attack,near
Давить их без промедления!,attack,near
Нейтрализовать цель быстро!,attack,near
Сфокусировать огонь сейчас!,attack,near
Открыть огонь живо!,attack,near
Сфокусировать огонь без промедления!,attack,near
В атаку быстро!,attack,near
Сфокусировать огонь живо!,attack,near
Перекрыть подходы побыстрее!,attack,near
Давить их,attack,near
Сфокусировать огонь сейчас!,attack,near
Сфокусировать огонь живо!,attack,near
Уничтожить противника,attack,near
Ударить по врагу,attack,near
Перекрыть подходы,attack,near
Открыть огонь быстро!,attack,near
Атаковать цель немедленно!,attack,near
В атаку живо!,attack,near
Давить их без промедления!,attack,near
Открыть огонь живо!,attack,near
Нейтрализовать цель немедленно!,attack,near
В атаку срочно!,attack,near
Ударить по врагу сейчас!,attack,near
Сфокусировать огонь немедленно!,attack,near
В атаку побыстрее!,attack,near
Атаковать цель сейчас!,attack,near
Прицельно стрелять срочно!,attack,near
Открыть огонь без промедления!,attack,near
Перекрыть подходы сейчас!,attack,near
Нейтрализовать цель немедленно!,attack,near
Сфокусировать огонь срочно!,attack,near
Давить их сейчас!,attack,near
Давить их сейчас!,attack,near
"заменить модуль, главный, живо!",repair,Капитан
"Ну, Капитан, проверить питание без промедления!",repair,Капитан
"Быстрее, Главный, восстановить генератор без промедления!",repair,Капитан
"Наладить электронику — главный, живо!",repair,Капитан
"Давай! смазать петли, командир!",repair,Капитан
"Ну, Командир, смазать петли срочно!",repair,Капитан
"Живо, Капитан, проверить предохранители",repair,Капитан
"Починить вентиляцию — капитан, слушай!",repair,Капитан
"Ну, наладить электронику, главный!",repair,Капитан
"Быстрее, Главный, восстановить генератор",repair,Капитан
"Эй, Главный, устранить утечку срочно!",repair,Капитан
"устранить утечку, командир, ну!",repair,Капитан
"Срочно! наладить электронику, капитан!",repair,Капитан
"Проверить питание — капитан, давай!",repair,Капитан
"Давай, Капитан, починить вентиляцию живо!",repair,Капитан
"проверить питание, капитан, слушай!",repair,Капитан
"починить систему охлаждения, командир, эй!",repair,Капитан
"Ну, заменить модуль, капитан!",repair,Капитан
"Быстрее! починить систему охлаждения, главный!",repair,Капитан
"Давай, проверить питание, капитан!",repair,Капитан
"Наладить электронику — командир, ну!",repair,Капитан
"Смазать петли — главный, срочно!",repair,Капитан
"Эй, проверить предохранители, главный!",repair,Капитан
"Быстрее! смазать петли, главный!",repair,Капитан
"Срочно, Командир, переподключить провода без промедления!",repair,Капитан
"Живо, смазать петли, командир!",repair,Капитан
"Переподключить провода — командир, ну!",repair,Капитан
"устранить утечку, командир, слушай!",repair,Капитан
"Главный, починить вентиляцию побыстрее!",repair,Капитан
"Живо, восстановить генератор, капитан!",repair,Капитан
"Эй, смазать петли, капитан!",repair,Капитан
"Слушай, проверить питание, главный!",repair,Капитан
"Живо, переподключить провода, главный!",repair,Капитан
"Командир, восстановить генератор срочно!",repair,Капитан
"Быстрее, проверить предохранители, главный!",repair,Капитан
"смазать петли, командир, ну!",repair,Капитан
"Слушай, проверить питание, главный!",repair,Капитан
"Капитан, проверить питание срочно!",repair,Капитан
"Командир, смазать петли сейчас!",repair,Капитан
"Эй, восстановить генератор, капитан!",repair,Капитан
"Срочно! проверить предохранители, командир!",repair,Капитан
"Заменить модуль — капитан, давай!",repair,Капитан
"Проверить питание — главный, ну!",repair,Капитан
"Починить систему охлаждения — капитан, срочно!",repair,Капитан
"Командир, починить систему охлаждения",repair,Капитан
"Ну, смазать петли, командир!",repair,Капитан
"Быстрее! наладить электронику, капитан!",repair,Капитан
"смазать петли, командир, давай!",repair,Капитан
"Слушай, наладить электронику, капитан!",repair,Капитан
"Переподключить провода — главный, быстрее!",repair,Капитан
"Командир, проверить питание немедленно!",repair,Капитан
"Главный, смазать петли побыстрее!",repair,Капитан
"Быстрее, проверить питание, капитан!",repair,Капитан
"Срочно! наладить электронику, командир!",repair,Капитан
"Быстрее! восстановить генератор, командир!",repair,Капитан
"Наладить электронику — главный, эй!",repair,Капитан
"Ну! проверить предохранители, командир!",repair,Капитан
"восстановить генератор, главный, давай!",repair,Капитан
"Слушай, Главный, смазать петли немедленно!",repair,Капитан
"Слушай, устранить утечку, главный!",repair,Капитан
"Давай, Главный, устранить утечку побыстрее!",repair,Капитан
"Срочно, Главный, смазать петли",repair,Капитан
"Живо, смазать петли, главный!",repair,Капитан
"восстановить генератор, главный, живо!",repair,Капитан
"Эй, проверить питание, главный!",repair,Капитан
"Смазать петли — командир, срочно!",repair,Капитан
"Починить систему охлаждения — главный, быстрее!",repair,Капитан
"Быстрее! смазать петли, капитан!",repair,Капитан
"Живо, смазать петли, главный!",repair,Капитан
"Живо, Главный, наладить электронику без промедления!",repair,Капитан
"Быстрее! проверить предохранители, капитан!",repair,Капитан
"проверить предохранители, командир, ну!",repair,Капитан
"Капитан, смазать петли побыстрее!",repair,Капитан
"починить вентиляцию, главный, слушай!",repair,Капитан
"Ну, проверить предохранители, главный!",repair,Капитан
"Капитан, восстановить генератор срочно!",repair,Капитан
"Главный, устранить утечку побыстрее!",repair,Капитан
"проверить предохранители, командир, срочно!",repair,Капитан
"проверить питание, главный, быстрее!",repair,Капитан
"Капитан, наладить электронику живо!",repair,Капитан
"Слушай! проверить предохранители, капитан!",repair,Капитан
"Давай, Командир, проверить предохранители побыстрее!",repair,Капитан
"Капитан, переподключить провода быстро!",repair,Капитан
"Главный, проверить питание срочно!",repair,Капитан
"Давай, Капитан, проверить питание побыстрее!",repair,Капитан
"Главный, наладить электронику срочно!",repair,Капитан
"Починить систему охлаждения — главный, эй!",repair,Капитан
"Капитан, смазать петли живо!",repair,Капитан
"Капитан, заменить модуль срочно!",repair,Капитан
"Ну! восстановить генератор, командир!",repair,Капитан
"восстановить генератор, капитан, давай!",repair,Капитан
"Эй, Главный, смазать петли быстро!",repair,Капитан
"Слушай, Командир, смазать петли быстро!",repair,Капитан
"починить систему охлаждения, командир, быстрее!",repair,Капитан
"Переподключить провода — главный, ну!",repair,Капитан
"Срочно, восстановить генератор, капитан!",repair,Капитан
"заменить модуль, главный, эй!",repair,Капитан
"Ну, устранить утечку, командир!",repair,Капитан
"Проверить предохранители — главный, срочно!",repair,Капитан
"устранить утечку, командир, живо!",repair,Капитан
"Быстрее, устранить утечку, страж!",repair,Охранник
"Проверить предохранители — охранник, живо!",repair,Охранник
"Смазать петли — охранник, живо!",repair,Охранник
"Давай, Страж, переподключить провода",repair,Охранник
"Срочно! восстановить генератор, страж!",repair,Охранник
"Эй, Охранник, проверить предохранители без промедления!",repair,Охранник
"Страж, проверить предохранители срочно!",repair,Охранник
"Эй! проверить питание, боец!",repair,Охранник
"Срочно, Страж, наладить электронику живо!",repair,Охранник
"Срочно, Страж, починить вентиляцию побыстрее!",repair,Охранник
"Боец, починить систему охлаждения",repair,Охранник
"Починить систему охлаждения — боец, слушай!",repair,Охранник
"Эй, наладить электронику, страж!",repair,Охранник
"Страж, починить вентиляцию сейчас!",repair,Охранник
"заменить модуль, страж, слушай!",repair,Охранник
"Слушай! переподключить провода, боец!",repair,Охранник
"Давай, Охранник, проверить предохранители без промедления!",repair,Охранник
"проверить предохранители, охранник, давай!",repair,Охранник
"Страж, проверить питание срочно!",repair,Охранник
"проверить предохранители, страж, живо!",repair,Охранник
"Срочно, починить вентиляцию, страж!",repair,Охранник
"Переподключить провода — боец, ну!",repair,Охранник
"Давай! устранить утечку, охранник!",repair,Охранник
"Страж, починить вентиляцию живо!",repair,Охранник
"Страж, починить систему охлаждения",repair,Охранник
"Наладить электронику — охранник, быстрее!",repair,Охранник
"Живо, Страж, устранить утечку сейчас!",repair,Охранник
"Ну! смазать петли, охранник!",repair,Охранник
"Охранник, переподключить провода немедленно!",repair,Охранник
"Срочно! починить вентиляцию, охранник!",repair,Охранник
"Давай! проверить предохранители, страж!",repair,Охранник
"Быстрее! наладить электронику, боец!",repair,Охранник
"Охранник, восстановить генератор сейчас!",repair,Охранник
"Живо, Боец, починить вентиляцию живо!",repair,Охранник
"устранить утечку, охранник, эй!",repair,Охранник
"проверить питание, страж, быстрее!",repair,Охранник
"Живо! устранить утечку, боец!",repair,Охранник
"Слушай! устранить утечку, охранник!",repair,Охранник
"Эй! проверить питание, боец!",repair,Охранник
"Слушай, смазать петли, боец!",repair,Охранник
"Срочно, заменить модуль, страж!",repair,Охранник
"Давай, Страж, восстановить генератор",repair,Охранник
"переподключить провода, охранник, живо!",repair,Охранник
"Быстрее, Страж, устранить утечку срочно!",repair,Охранник
"Давай! устранить утечку, боец!",repair,Охранник
"переподключить провода, страж, живо!",repair,Охранник
"Живо! починить систему охлаждения, страж!",repair,Охранник
"проверить питание, охранник, эй!",repair,Охранник
"починить систему охлаждения, страж, ну!",repair,Охранник
"Срочно! устранить утечку, охранник!",repair,Охранник
"проверить предохранители, охранник, срочно!",repair,Охранник
"наладить электронику, охранник, слушай!",repair,Охранник
"Живо! восстановить генератор, боец!",repair,Охранник
"Ну, проверить предохранители, охранник!",repair,Охранник
"Охранник, проверить предохранители",repair,Охранник
"переподключить провода, боец, живо!",repair,Охранник
"Эй, Страж, наладить электронику",repair,Охранник
"Живо, переподключить провода, боец!",repair,Охранник
"Давай, проверить питание, боец!",repair,Охранник
"заменить модуль, охранник, эй!",repair,Охранник
"Эй, проверить питание, боец!",repair,Охранник
"Заменить модуль — страж, ну!",repair,Охранник
"Быстрее, Боец, проверить питание без промедления!",repair,Охранник
"Починить вентиляцию — охранник, ну!",repair,Охранник
"Смазать петли — страж, быстрее!",repair,Охранник
"Живо, починить систему охлаждения, охранник!",repair,Охранник
"Боец, проверить предохранители живо!",repair,Охранник
"Давай! наладить электронику, боец!",repair,Охранник
"Живо, Охранник, проверить питание без промедления!",repair,Охранник
"Живо! проверить предохранители, охранник!",repair,Охранник
"Живо, переподключить провода, охранник!",repair,Охранник
"Страж, проверить предохранители живо!",repair,Охранник
"Наладить электронику — охранник, ну!",repair,Охранник
"Наладить электронику — охранник, быстрее!",repair,Охранник
"Живо, проверить питание, охранник!",repair,Охранник
"Ну, Боец, починить вентиляцию живо!",repair,Охранник
"проверить питание, страж, эй!",repair,Охранник
"проверить питание, страж, давай!",repair,Охранник
"Ну, проверить питание, боец!",repair,Охранник
"Давай, Охранник, смазать петли побыстрее!",repair,Охранник
"Живо, Боец, наладить электронику быстро!",repair,Охранник
"Эй, Страж, проверить предохранители немедленно!",repair,Охранник
"Страж, восстановить генератор немедленно!",repair,Охранник
"Охранник, заменить модуль живо!",repair,Охранник
"наладить электронику, страж, давай!",repair,Охранник
"Срочно! починить систему охлаждения, боец!",repair,Охранник
"Переподключить провода — охранник, ну!",repair,Охранник
"Быстрее, переподключить провода, боец!",repair,Охранник
"Ну, Боец, смазать петли",repair,Охранник
"Слушай! устранить утечку, боец!",repair,Охранник
"Эй! смазать петли, боец!",repair,Охранник
"Срочно, починить систему охлаждения, страж!",repair,Охранник
"Боец, проверить предохранители без промедления!",repair,Охранник
"Срочно! наладить электронику, охранник!",repair,Охранник
"Живо, смазать петли, страж!",repair,Охранник
"Охранник, починить вентиляцию без промедления!",repair,Охранник
"Ну! смазать петли, охранник!",repair,Охранник
"смазать петли, охранник, слушай!",repair,Охранник
"Эй, Боец, устранить утечку",repair,Охранник
"Живо! проверить питание, страж!",repair,Охранник
"Заменить модуль — врач, срочно!",repair,Медик
"смазать петли, врач, слушай!",repair,Медик
"Слушай, Медик, устранить утечку без промедления!",repair,Медик
"Ну, Медик, проверить питание срочно!",repair,Медик
"Быстрее, смазать петли, врач!",repair,Медик
"Док, устранить утечку немедленно!",repair,Медик
"Эй! заменить модуль, док!",repair,Медик
"наладить электронику, док, эй!",repair,Медик
"Живо! устранить утечку, врач!",repair,Медик
"Срочно! восстановить генератор, док!",repair,Медик
"Врач, заменить модуль сейчас!",repair,Медик
"Живо! проверить предохранители, медик!",repair,Медик
"Давай, починить систему охлаждения, врач!",repair,Медик
"Док, проверить предохранители живо!",repair,Медик
"Док, смазать петли живо!",repair,Медик
"смазать петли, врач, ну!",repair,Медик
"Эй! наладить электронику, медик!",repair,Медик
"Ну, переподключить провода, медик!",repair,Медик
"проверить питание, док, срочно!",repair,Медик
"Медик, починить систему охлаждения быстро!",repair,Медик
"Починить вентиляцию — медик, слушай!",repair,Медик
"Живо, Медик, восстановить генератор быстро!",repair,Медик
"Медик, восстановить генератор немедленно!",repair,Медик
"Слушай, восстановить генератор, врач!",repair,Медик
"Слушай! восстановить генератор, док!",repair,Медик
"Врач, устранить утечку срочно!",repair,Медик
"Срочно, восстановить генератор, врач!",repair,Медик
"Эй, Док, переподключить провода срочно!",repair,Медик
"наладить электронику, док, срочно!",repair,Медик
"Слушай, починить вентиляцию, врач!",repair,Медик
"устранить утечку, док, ну!",repair,Медик
"Слушай! переподключить провода, врач!",repair,Медик
"переподключить провода, врач, слушай!",repair,Медик
"Срочно! проверить предохранители, док!",repair,Медик
"Проверить питание — медик, срочно!",repair,Медик
"Давай, наладить электронику, врач!",repair,Медик
"починить систему охлаждения, медик, давай!",repair,Медик
"Срочно, Медик, устранить утечку срочно!",repair,Медик
"Живо, проверить питание, док!",repair,Медик
"Эй! восстановить генератор, медик!",repair,Медик
"Срочно, Медик, смазать петли без промедления!",repair,Медик
"Ну! смазать петли, медик!",repair,Медик
"Давай! восстановить генератор, медик!",repair,Медик
"Починить вентиляцию — док, срочно!",repair,Медик
"заменить модуль, медик, эй!",repair,Медик
"устранить утечку, док, давай!",repair,Медик
"Срочно! проверить предохранители, медик!",repair,Медик
"Живо, Док, восстановить генератор без промедления!",repair,Медик
"Слушай! починить систему охлаждения, медик!",repair,Медик
"Давай, переподключить провода, док!",repair,Медик
"переподключить провода, док, слушай!",repair,Медик
"Наладить электронику — док, живо!",repair,Медик
"Эй, Врач, заменить модуль живо!",repair,Медик
"Наладить электронику — медик, ну!",repair,Медик
"Ну! смазать петли, медик!",repair,Медик
"Давай! переподключить провода, док!",repair,Медик
"Давай, устранить утечку, док!",repair,Медик
"Проверить питание — док, давай!",repair,Медик
"Давай, заменить модуль, медик!",repair,Медик
"Быстрее, устранить утечку, медик!",repair,Медик
"Медик, смазать петли сейчас!",repair,Медик
"Эй, Док, починить вентиляцию живо!",repair,Медик
"Устранить утечку — док, эй!",repair,Медик
"Проверить предохранители — врач, живо!",repair,Медик
"Восстановить генератор — медик, срочно!",repair,Медик
"Давай, восстановить генератор, медик!",repair,Медик
"Слушай! проверить питание, врач!",repair,Медик
"Слушай, Врач, устранить утечку быстро!",repair,Медик
"проверить предохранители, медик, срочно!",repair,Медик
"устранить утечку, док, ну!",repair,Медик
"Врач, восстановить генератор сейчас!",repair,Медик
"Слушай, Док, переподключить провода живо!",repair,Медик
"Заменить модуль — врач, эй!",repair,Медик
"Слушай! устранить утечку, врач!",repair,Медик
"устранить утечку, док, срочно!",repair,Медик
"заменить модуль, док, быстрее!",repair,Медик
"устранить утечку, док, ну!",repair,Медик
"переподключить провода, медик, эй!",repair,Медик
"Ну, Док, починить вентиляцию побыстрее!",repair,Медик
"Медик, переподключить провода быстро!",repair,Медик
"Срочно, восстановить генератор, док!",repair,Медик
"Живо, смазать петли, врач!",repair,Медик
"Срочно, проверить предохранители, врач!",repair,Медик
"Эй! починить систему охлаждения, врач!",repair,Медик
"Срочно, Врач, проверить питание быстро!",repair,Медик
"Восстановить генератор — врач, живо!",repair,Медик
"переподключить провода, медик, слушай!",repair,Медик
"Починить вентиляцию — медик, быстрее!",repair,Медик
"Давай, Медик, наладить электронику живо!",repair,Медик
"Слушай! смазать петли, медик!",repair,Медик
"Эй, Медик, починить систему охлаждения быстро!",repair,Медик
"Давай, Док, наладить электронику немедленно!",repair,Медик
"Живо, починить вентиляцию, медик!",repair,Медик
"Давай! проверить питание, медик!",repair,Медик
"Живо! проверить питание, врач!",repair,Медик
"восстановить генератор, док, эй!",repair,Медик
"Врач, смазать петли без промедления!",repair,Медик
"Живо! смазать петли, медик!",repair,Медик
"Медик, проверить предохранители сейчас!",repair,Медик
"Срочно, Док, починить систему охлаждения сейчас!",repair,Медик
"Смазать петли — техник, срочно!",repair,Инженер
"заменить модуль, электрик, давай!",repair,Инженер
"Срочно, Инженер, восстановить генератор без промедления!",repair,Инженер
"Слушай, смазать петли, электрик!",repair,Инженер
"заменить модуль, инженер, слушай!",repair,Инженер
"Заменить модуль — электрик, ну!",repair,Инженер
"устранить утечку, инженер, ну!",repair,Инженер
"Техник, починить систему охлаждения быстро!",repair,Инженер
"Быстрее, Техник, заменить модуль без промедления!",repair,Инженер
"Слушай, Электрик, устранить утечку живо!",repair,Инженер
"Живо, Техник, починить вентиляцию быстро!",repair,Инженер
"заменить модуль, электрик, давай!",repair,Инженер
"Срочно, Инженер, починить систему охлаждения сейчас!",repair,Инженер
"Электрик, заменить модуль живо!",repair,Инженер
"Давай, Электрик, проверить предохранители",repair,Инженер
"Ну, смазать петли, техник!",repair,Инженер
"Срочно, Техник, проверить питание сейчас!",repair,Инженер
"Слушай! переподключить провода, техник!",repair,Инженер
"Быстрее, починить вентиляцию, инженер!",repair,Инженер
"Быстрее, проверить питание, инженер!",repair,Инженер
"Слушай! починить вентиляцию, инженер!",repair,Инженер
"Давай, проверить предохранители, инженер!",repair,Инженер
"Срочно, починить вентиляцию, инженер!",repair,Инженер
"Техник, смазать петли сейчас!",repair,Инженер
"проверить питание, инженер, давай!",repair,Инженер
"Проверить питание — электрик, срочно!",repair,Инженер
"Эй, Инженер, переподключить провода сейчас!",repair,Инженер
"смазать петли, техник, срочно!",repair,Инженер
"Срочно, Электрик, починить вентиляцию немедленно!",repair,Инженер
"Быстрее! переподключить провода, техник!",repair,Инженер
"Срочно, устранить утечку, электрик!",repair,Инженер
"Техник, наладить электронику немедленно!",repair,Инженер
"проверить предохранители, техник, давай!",repair,Инженер
"починить систему охлаждения, инженер, срочно!",repair,Инженер
"Заменить модуль — электрик, эй!",repair,Инженер
"Ну, Инженер, починить систему охлаждения без промедления!",repair,Инженер
"Быстрее! заменить модуль, инженер!",repair,Инженер
"Инженер, проверить предохранители",repair,Инженер
"Инженер, проверить питание побыстрее!",repair,Инженер
"Слушай! восстановить генератор, электрик!",repair,Инженер
"Инженер, наладить электронику быстро!",repair,Инженер
"Электрик, заменить модуль",repair,Инженер
"Живо, починить вентиляцию, техник!",repair,Инженер
"Быстрее, Электрик, наладить электронику побыстрее!",repair,Инженер
"починить систему охлаждения, электрик, быстрее!",repair,Инженер
"Слушай, смазать петли, инженер!",repair,Инженер
"Слушай, проверить питание, техник!",repair,Инженер
"Живо! починить вентиляцию, техник!",repair,Инженер
"Давай, восстановить генератор, техник!",repair,Инженер
"Техник, восстановить генератор побыстрее!",repair,Инженер
"проверить питание, техник, давай!",repair,Инженер
"Ну! переподключить провода, электрик!",repair,Инженер
"проверить питание, электрик, эй!",repair,Инженер
"Эй, наладить электронику, электрик!",repair,Инженер
"Ну, Техник, починить систему охлаждения живо!",repair,Инженер
"Эй, Техник, проверить питание живо!",repair,Инженер
"Починить систему охлаждения — электрик, слушай!",repair,Инженер
"починить вентиляцию, электрик, ну!",repair,Инженер
"Живо, Инженер, починить вентиляцию побыстрее!",repair,Инженер
"Слушай, Техник, устранить утечку быстро!",repair,Инженер
"Ну, Инженер, устранить утечку",repair,Инженер
"Электрик, восстановить генератор без промедления!",repair,Инженер
"переподключить провода, электрик, быстрее!",repair,Инженер
"смазать петли, техник, живо!",repair,Инженер
"Восстановить генератор — инженер, эй!",repair,Инженер
"Слушай, Электрик, восстановить генератор живо!",repair,Инженер
"Ну, починить вентиляцию, техник!",repair,Инженер
"Быстрее, заменить модуль, техник!",repair,Инженер
"Проверить предохранители — инженер, слушай!",repair,Инженер
"Эй! починить вентиляцию, техник!",repair,Инженер
"Электрик, починить вентиляцию немедленно!",repair,Инженер
"наладить электронику, техник, ну!",repair,Инженер
"Эй, Техник, проверить предохранители сейчас!",repair,Инженер
"Слушай, Техник, заменить модуль быстро!",repair,Инженер
"Живо, Техник, починить вентиляцию немедленно!",repair,Инженер
"проверить предохранители, инженер, срочно!",repair,Инженер
"Инженер, переподключить провода сейчас!",repair,Инженер
"Смазать петли — техник, давай!",repair,Инженер
"Живо! починить вентиляцию, инженер!",repair,Инженер
"Наладить электронику — инженер, живо!",repair,Инженер
"Инженер, заменить модуль",repair,Инженер
"смазать петли, электрик, быстрее!",repair,Инженер
"Электрик, починить систему охлаждения немедленно!",repair,Инженер
"Быстрее, устранить утечку, электрик!",repair,Инженер
"Эй, переподключить провода, электрик!",repair,Инженер
"устранить утечку, инженер, давай!",repair,Инженер
"починить вентиляцию, электрик, давай!",repair,Инженер
"Давай! переподключить провода, инженер!",repair,Инженер
"Живо! проверить предохранители, электрик!",repair,Инженер
"устранить утечку, электрик, живо!",repair,Инженер
"Проверить предохранители — электрик, давай!",repair,Инженер
"Инженер, проверить предохранители немедленно!",repair,Инженер
"Быстрее! починить вентиляцию, техник!",repair,Инженер
"наладить электронику, инженер, срочно!",repair,Инженер
"Слушай, Электрик, смазать петли сейчас!",repair,Инженер
"Электрик, починить систему охлаждения сейчас!",repair,Инженер
"Ну, Техник, восстановить генератор живо!",repair,Инженер
"Слушай, Электрик, устранить утечку немедленно!",repair,Инженер
"Быстрее! восстановить генератор, инженер!",repair,Инженер
"Техник, проверить предохранители сейчас!",repair,Инженер
"Переподключить провода — механик, давай!",repair,Механик
"Ремонтник, смазать петли живо!",repair,Механик
"Переподключить провода — механик, слушай!",repair,Механик
"Слушай, Механик, проверить предохранители быстро!",repair,Механик
"Давай! переподключить провода, ремонтник!",repair,Механик
"смазать петли, чинила, быстрее!",repair,Механик
"Эй, починить систему охлаждения, ремонтник!",repair,Механик
"Проверить питание — чинила, давай!",repair,Механик
"восстановить генератор, механик, ну!",repair,Механик
"Срочно, починить систему охлаждения, ремонтник!",repair,Механик
"Живо, Чинила, устранить утечку быстро!",repair,Механик
"Живо! проверить предохранители, чинила!",repair,Механик
"Механик, починить систему охлаждения сейчас!",repair,Механик
"Ремонтник, починить вентиляцию",repair,Механик
"Слушай, восстановить генератор, ремонтник!",repair,Механик
"Восстановить генератор — ремонтник, быстрее!",repair,Механик
"Быстрее, смазать петли, механик!",repair,Механик
"устранить утечку, ремонтник, эй!",repair,Механик
"починить систему охлаждения, ремонтник, быстрее!",repair,Механик
"Давай! переподключить провода, чинила!",repair,Механик
"Срочно, Ремонтник, починить систему охлаждения",repair,Механик
"Смазать петли — ремонтник, срочно!",repair,Механик
"Механик, проверить питание без промедления!",repair,Механик
"Эй! устранить утечку, чинила!",repair,Механик
"Устранить утечку — механик, эй!",repair,Механик
"починить вентиляцию, ремонтник, давай!",repair,Механик
"Срочно! смазать петли, чинила!",repair,Механик
"Ну! починить вентиляцию, чинила!",repair,Механик
"Быстрее, переподключить провода, чинила!",repair,Механик
"Живо, Механик, починить вентиляцию быстро!",repair,Механик
"Устранить утечку — ремонтник, живо!",repair,Механик
"Слушай, заменить модуль, чинила!",repair,Механик
"Смазать петли — чинила, быстрее!",repair,Механик
"Живо, Ремонтник, восстановить генератор немедленно!",repair,Механик
"Механик, проверить предохранители сейчас!",repair,Механик
"Чинила, починить систему охлаждения",repair,Механик
"Эй, Механик, починить вентиляцию без промедления!",repair,Механик
"Срочно, Механик, заменить модуль без промедления!",repair,Механик
"Механик, заменить модуль",repair,Механик
"устранить утечку, механик, давай!",repair,Механик
"Эй, починить вентиляцию, чинила!",repair,Механик
"Срочно, устранить утечку, механик!",repair,Механик
"Срочно, наладить электронику, ремонтник!",repair,Механик
"Механик, устранить утечку немедленно!",repair,Механик
"Эй, Механик, починить вентиляцию",repair,Механик
"Живо, Чинила, восстановить генератор побыстрее!",repair,Механик
"Срочно, переподключить провода, чинила!",repair,Механик
"Ремонтник, проверить предохранители побыстрее!",repair,Механик
"проверить предохранители, чинила, живо!",repair,Механик
"Срочно! починить вентиляцию, механик!",repair,Механик
"Эй! заменить модуль, ремонтник!",repair,Механик
"Чинила, переподключить провода сейчас!",repair,Механик
"Чинила, проверить питание срочно!",repair,Механик
"Живо, починить систему охлаждения, чинила!",repair,Механик
"Срочно, заменить модуль, ремонтник!",repair,Механик
"Механик, заменить модуль живо!",repair,Механик
"Давай, смазать петли, ремонтник!",repair,Механик
"Чинила, заменить модуль живо!",repair,Механик
"Починить вентиляцию — чинила, ну!",repair,Механик
"Смазать петли — чинила, живо!",repair,Механик
"Ну, устранить утечку, механик!",repair,Механик
"наладить электронику, чинила, давай!",repair,Механик
"Починить вентиляцию — механик, эй!",repair,Механик
"Механик, наладить электронику живо!",repair,Механик
"Быстрее, починить систему охлаждения, механик!",repair,Механик
"Механик, проверить предохранители немедленно!",repair,Механик
"Эй! восстановить генератор, чинила!",repair,Механик
"наладить электронику, механик, срочно!",repair,Механик
"Давай, заменить модуль, ремонтник!",repair,Механик
"Срочно, переподключить провода, механик!",repair,Механик
"Живо! проверить питание, чинила!",repair,Механик
"проверить питание, чинила, быстрее!",repair,Механик
"Механик, устранить утечку живо!",repair,Механик
"заменить модуль, механик, слушай!",repair,Механик
"заменить модуль, механик, эй!",repair,Механик
"Ремонтник, восстановить генератор",repair,Механик
"починить систему охлаждения, ремонтник, эй!",repair,Механик
"переподключить провода, ремонтник, живо!",repair,Механик
"Ну, починить вентиляцию, механик!",repair,Механик
"Ремонтник, починить вентиляцию без промедления!",repair,Механик
"Ремонтник, проверить предохранители сейчас!",repair,Механик
"Срочно, Ремонтник, починить систему охлаждения срочно!",repair,Механик
"Быстрее! починить вентиляцию, механик!",repair,Механик
"наладить электронику, механик, живо!",repair,Механик
"Ремонтник, восстановить генератор быстро!",repair,Механик
"проверить предохранители, механик, давай!",repair,Механик
"заменить модуль, механик, ну!",repair,Механик
"Быстрее, проверить предохранители, механик!",repair,Механик
"Живо, проверить предохранители, ремонтник!",repair,Механик
"Эй! переподключить провода, чинила!",repair,Механик
"Устранить утечку — чинила, слушай!",repair,Механик
"Починить вентиляцию — механик, срочно!",repair,Механик
"Слушай, Механик, переподключить провода живо!",repair,Механик
"Давай! починить систему охлаждения, механик!",repair,Механик
"Механик, заменить модуль срочно!",repair,Механик
"Восстановить генератор — чинила, эй!",repair,Механик
"проверить предохранители, механик, ну!",repair,Механик
"Живо! починить систему охлаждения, чинила!",repair,Механик
"проверить предохранители, механик, слушай!",repair,Механик
"проверить предохранители, чинила, быстрее!",repair,Механик
"Эй, заменить модуль, подручный!",repair,Помощник
"Починить вентиляцию — ассистент, живо!",repair,Помощник
"Переподключить провода — ассистент, ну!",repair,Помощник
"Подручный, смазать петли быстро!",repair,Помощник
"Ну! смазать петли, ассистент!",repair,Помощник
"проверить предохранители, подручный, давай!",repair,Помощник
"Быстрее, Подручный, восстановить генератор быстро!",repair,Помощник
"Давай, Подручный, переподключить провода",repair,Помощник
"Эй! устранить утечку, подручный!",repair,Помощник
"Заменить модуль — ассистент, слушай!",repair,Помощник
"Слушай, смазать петли, ассистент!",repair,Помощник
"Быстрее! наладить электронику, ассистент!",repair,Помощник
"Срочно, проверить предохранители, подручный!",repair,Помощник
"Ну! заменить модуль, помощник!",repair,Помощник
"Эй, заменить модуль, подручный!",repair,Помощник
"Ну! наладить электронику, помощник!",repair,Помощник
"Живо! смазать петли, помощник!",repair,Помощник
"Слушай! починить вентиляцию, ассистент!",repair,Помощник
"Заменить модуль — подручный, эй!",repair,Помощник
"Слушай, устранить утечку, помощник!",repair,Помощник
"Слушай, Подручный, смазать петли",repair,Помощник
"Быстрее! устранить утечку, помощник!",repair,Помощник
"Давай, наладить электронику, подручный!",repair,Помощник
"Срочно, проверить предохранители, ассистент!",repair,Помощник
"Срочно! переподключить провода, ассистент!",repair,Помощник
"Слушай, Ассистент, починить вентиляцию живо!",repair,Помощник
"Ассистент, починить систему охлаждения живо!",repair,Помощник
"смазать петли, подручный, срочно!",repair,Помощник
"Заменить модуль — ассистент, слушай!",repair,Помощник
"Ну, Помощник, устранить утечку живо!",repair,Помощник
"Помощник, восстановить генератор живо!",repair,Помощник
"Проверить предохранители — ассистент, срочно!",repair,Помощник
"Проверить предохранители — помощник, слушай!",repair,Помощник
"Эй, Ассистент, устранить утечку немедленно!",repair,Помощник
"Срочно! проверить предохранители, ассистент!",repair,Помощник
"Быстрее! устранить утечку, помощник!",repair,Помощник
"Быстрее, Ассистент, наладить электронику побыстрее!",repair,Помощник
"Помощник, починить вентиляцию",repair,Помощник
"Восстановить генератор — подручный, живо!",repair,Помощник
"Слушай, устранить утечку, ассистент!",repair,Помощник
"Живо, Подручный, проверить предохранители",repair,Помощник
"Помощник, переподключить провода без промедления!",repair,Помощник
"Живо, Помощник, наладить электронику немедленно!",repair,Помощник
"Слушай! проверить питание, помощник!",repair,Помощник
"Быстрее! починить систему охлаждения, помощник!",repair,Помощник
"Живо, Подручный, проверить предохранители",repair,Помощник
"Ну, переподключить провода, подручный!",repair,Помощник
"Давай! проверить питание, помощник!",repair,Помощник
"Ассистент, восстановить генератор сейчас!",repair,Помощник
"переподключить провода, ассистент, слушай!",repair,Помощник
"Заменить модуль — помощник, срочно!",repair,Помощник
"Ну, проверить предохранители, подручный!",repair,Помощник
"починить систему охлаждения, помощник, ну!",repair,Помощник
"Эй, Ассистент, заменить модуль сейчас!",repair,Помощник
"Слушай, Ассистент, устранить утечку сейчас!",repair,Помощник
"устранить утечку, помощник, живо!",repair,Помощник
"Слушай! проверить предохранители, ассистент!",repair,Помощник
"Слушай, переподключить провода, помощник!",repair,Помощник
"Наладить электронику — подручный, живо!",repair,Помощник
"Эй, восстановить генератор, ассистент!",repair,Помощник
"Помощник, заменить модуль немедленно!",repair,Помощник
"Наладить электронику — помощник, ну!",repair,Помощник
"Помощник, устранить утечку без промедления!",repair,Помощник
"Слушай! переподключить провода, подручный!",repair,Помощник
"Быстрее, Подручный, смазать петли сейчас!",repair,Помощник
"Живо, заменить модуль, ассистент!",repair,Помощник
"Эй! заменить модуль, подручный!",repair,Помощник
"Устранить утечку — помощник, срочно!",repair,Помощник
"Проверить предохранители — помощник, срочно!",repair,Помощник
"Заменить модуль — подручный, давай!",repair,Помощник
"проверить предохранители, подручный, давай!",repair,Помощник
"Быстрее, починить вентиляцию, ассистент!",repair,Помощник
"Слушай, Помощник, переподключить провода немедленно!",repair,Помощник
"проверить предохранители, ассистент, слушай!",repair,Помощник
"Слушай! проверить предохранители, ассистент!",repair,Помощник
"Живо, смазать петли, помощник!",repair,Помощник
"Подручный, заменить модуль",repair,Помощник
"Слушай, Ассистент, починить систему охлаждения без промедления!",repair,Помощник
"Быстрее! устранить утечку, ассистент!",repair,Помощник
"Давай! смазать петли, помощник!",repair,Помощник
"Срочно! починить систему охлаждения, помощник!",repair,Помощник
"Слушай! проверить питание, подручный!",repair,Помощник
"Слушай! переподключить провода, помощник!",repair,Помощник
"Ну, заменить модуль, помощник!",repair,Помощник
"Давай! восстановить генератор, помощник!",repair,Помощник
"Подручный, переподключить провода срочно!",repair,Помощник
"Давай! проверить питание, ассистент!",repair,Помощник
"Ассистент, заменить модуль быстро!",repair,Помощник
"Подручный, наладить электронику живо!",repair,Помощник
"Живо, заменить модуль, ассистент!",repair,Помощник
"Помощник, переподключить провода немедленно!",repair,Помощник
"Наладить электронику — ассистент, давай!",repair,Помощник
"Ну, Подручный, смазать петли без промедления!",repair,Помощник
"Помощник, починить вентиляцию срочно!",repair,Помощник
"Эй, проверить предохранители, ассистент!",repair,Помощник
"Быстрее! заменить модуль, помощник!",repair,Помощник
"Живо, наладить электронику, ассистент!",repair,Помощник
"проверить питание, помощник, быстрее!",repair,Помощник
"починить вентиляцию, помощник, слушай!",repair,Помощник
"Давай, Подручный, восстановить генератор живо!",repair,Помощник
"Всем, устранить утечку живо!",repair,all
"Всем составом, восстановить генератор немедленно!",repair,all
"Команда, устранить утечку срочно!",repair,all
"Всему отряду, наладить электронику срочно!",repair,all
"Всему отряду, починить систему охлаждения живо!",repair,all
"Всем, заменить модуль немедленно!",repair,all
"Экипажу, заменить модуль без промедления!",repair,all
"Всем, смазать петли срочно!",repair,all
"Всем, проверить питание",repair,all
"Экипажу, заменить модуль быстро!",repair,all
"Всему отряду, устранить утечку срочно!",repair,all
"Всем, починить систему охлаждения быстро!",repair,all
"Всем составом, починить вентиляцию срочно!",repair,all
"Всему отряду, устранить утечку без промедления!",repair,all
"Всем, наладить электронику быстро!",repair,all
"Всему отряду, восстановить генератор",repair,all
"Экипажу, переподключить провода живо!",repair,all
"Всему отряду, восстановить генератор быстро!",repair,all
"Экипажу, починить систему охлаждения побыстрее!",repair,all
"Экипажу, заменить модуль срочно!",repair,all
"Всем, проверить питание быстро!",repair,all
"Всем, проверить питание живо!",repair,all
"Всем составом, смазать петли сейчас!",repair,all
"Всем, починить систему охлаждения побыстрее!",repair,all
"Всему отряду, починить вентиляцию быстро!",repair,all
"Всем составом, проверить предохранители сейчас!",repair,all
"Всем составом, проверить предохранители живо!",repair,all
"Всему отряду, устранить утечку срочно!",repair,all
"Всему отряду, переподключить провода",repair,all
"Всем, починить систему охлаждения без промедления!",repair,all
"Всему отряду, проверить питание срочно!",repair,all
"Всему отряду, устранить утечку живо!",repair,all
"Команда, смазать петли",repair,all
"Команда, заменить модуль сейчас!",repair,all
"Всему отряду, починить систему охлаждения",repair,all
"Всем составом, проверить предохранители без промедления!",repair,all
"Всему отряду, проверить питание быстро!",repair,all
"Всем, восстановить генератор немедленно!",repair,all
"Всем составом, починить вентиляцию без промедления!",repair,all
"Команда, проверить питание немедленно!",repair,all
"Экипажу, устранить утечку сейчас!",repair,all
"Всему отряду, устранить утечку",repair,all
"Всем составом, устранить утечку без промедления!",repair,all
"Всему отряду, смазать петли без промедления!",repair,all
"Команда, устранить утечку срочно!",repair,all
"Всему отряду, переподключить провода срочно!",repair,all
"Всем составом, проверить предохранители сейчас!",repair,all
"Всему отряду, наладить электронику без промедления!",repair,all
"Команда, восстановить генератор немедленно!",repair,all
"Экипажу, починить систему охлаждения",repair,all
"Команда, проверить предохранители живо!",repair,all
"Всем, наладить электронику немедленно!",repair,all
"Экипажу, смазать петли побыстрее!",repair,all
"Экипажу, наладить электронику побыстрее!",repair,all
"Экипажу, заменить модуль срочно!",repair,all
"Команда, восстановить генератор срочно!",repair,all
"Экипажу, проверить предохранители без промедления!",repair,all
"Экипажу, починить вентиляцию немедленно!",repair,all
"Экипажу, переподключить провода быстро!",repair,all
"Экипажу, устранить утечку живо!",repair,all
"Всем, переподключить провода",repair,all
"Команда, починить систему охлаждения без промедления!",repair,all
"Всем составом, наладить электронику без промедления!",repair,all
"Всем, переподключить провода немедленно!",repair,all
"Всему отряду, восстановить генератор немедленно!",repair,all
"Экипажу, проверить питание срочно!",repair,all
"Всем, смазать петли живо!",repair,all
"Всему отряду, заменить модуль побыстрее!",repair,all
"Всем составом, восстановить генератор живо!",repair,all
"Всем, смазать петли живо!",repair,all
"Экипажу, проверить питание побыстрее!",repair,all
"Команда, проверить предохранители сейчас!",repair,all
"Всем составом, смазать петли срочно!",repair,all
"Всем, устранить утечку сейчас!",repair,all
"Всем, наладить электронику немедленно!",repair,all
"Команда, наладить электронику без промедления!",repair,all
"Всем составом, проверить питание срочно!",repair,all
"Экипажу, переподключить провода немедленно!",repair,all
"Экипажу, восстановить генератор без промедления!",repair,all
"Всем составом, проверить предохранители срочно!",repair,all
"Всем, наладить электронику без промедления!",repair,all
"Всем, починить вентиляцию",repair,all
"Экипажу, починить вентиляцию живо!",repair,all
"Всему отряду, починить систему охлаждения без промедления!",repair,all
"Всем составом, наладить электронику",repair,all
"Экипажу, починить систему охлаждения побыстрее!",repair,all
"Всем составом, починить систему охлаждения срочно!",repair,all
"Всем составом, заменить модуль побыстрее!",repair,all
"Всему отряду, заменить модуль",repair,all
"Команда, устранить утечку срочно!",repair,all
"Всем, восстановить генератор",repair,all
"Всем, починить систему охлаждения сейчас!",repair,all
"Всем, восстановить генератор без промедления!",repair,all
"Экипажу, переподключить провода сейчас!",repair,all
"Команда, наладить электронику побыстрее!",repair,all
"Команда, восстановить генератор сейчас!",repair,all
"Всем составом, заменить модуль сейчас!",repair,all
"Всем составом, устранить утечку",repair,all
"Команда, проверить предохранители сейчас!",repair,all
"Всем, восстановить генератор побыстрее!",repair,all
Проверить питание быстро!,repair,near
Починить вентиляцию сейчас!,repair,near
Устранить утечку,repair,near
Смазать петли срочно!,repair,near
Заменить модуль без промедления!,repair,near
Наладить электронику срочно!,repair,near
Проверить питание,repair,near
Восстановить генератор без промедления!,repair,near
Устранить утечку,repair,near
Починить вентиляцию без промедления!,repair,near
Наладить электронику сейчас!,repair,near
Проверить питание живо!,repair,near
Проверить питание немедленно!,repair,near
Устранить утечку без промедления!,repair,near
Починить систему охлаждения срочно!,repair,near
Починить вентиляцию живо!,repair,near
Устранить утечку срочно!,repair,near
Заменить модуль срочно!,repair,near
Наладить электронику без промедления!,repair,near
Проверить питание без промедления!,repair,near
Восстановить генератор живо!,repair,near
Устранить утечку срочно!,repair,near
Устранить утечку сейчас!,repair,near
Смазать петли немедленно!,repair,near
Устранить утечку быстро!,repair,near
Наладить электронику без промедления!,repair,near
Переподключить провода срочно!,repair,near
Смазать петли сейчас!,repair,near
Проверить питание немедленно!,repair,near
Заменить модуль,repair,near
Проверить предохранители быстро!,repair,near
Устранить утечку быстро!,repair,near
Восстановить генератор срочно!,repair,near
Восстановить генератор быстро!,repair,near
Проверить предохранители быстро!,repair,near
Переподключить провода побыстрее!,repair,near
Устранить утечку,repair,near
Смазать петли побыстрее!,repair,near
Проверить предохранители живо!,repair,near
Починить систему охлаждения живо!,repair,near
Устранить утечку немедленно!,repair,near
Переподключить провода сейчас!,repair,near
Проверить предохранители сейчас!,repair,near
Переподключить провода срочно!,repair,near
Починить систему охлаждения сейчас!,repair,near
Починить вентиляцию сейчас!,repair,near
Наладить электронику сейчас!,repair,near
Починить систему охлаждения без промедления!,repair,near
Починить вентиляцию,repair,near
Заменить модуль сейчас!,repair,near
Смазать петли быстро!,repair,near
Восстановить генератор быстро!,repair,near
Смазать петли быстро!,repair,near
Починить вентиляцию живо!,repair,near
Устранить утечку,repair,near
Наладить электронику срочно!,repair,near
Починить систему охлаждения срочно!,repair,near
Устранить утечку немедленно!,repair,near
Переподключить провода срочно!,repair,near
Восстановить генератор побыстрее!,repair,near
Заменить модуль срочно!,repair,near
Проверить предохранители немедленно!,repair,near
Проверить питание срочно!,repair,near
Восстановить генератор быстро!,repair,near
Проверить предохранители немедленно!,repair,near
Смазать петли живо!,repair,near
Восстановить генератор без промедления!,repair,near
Наладить электронику быстро!,repair,near
Починить вентиляцию побыстрее!,repair,near
Проверить питание срочно!,repair,near
Проверить предохранители без промедления!,repair,near
Устранить утечку без промедления!,repair,near
Переподключить провода живо!,repair,near
Смазать петли,repair,near
Наладить электронику побыстрее!,repair,near
Починить вентиляцию немедленно!,repair,near
Заменить модуль немедленно!,repair,near
Наладить электронику сейчас!,repair,near
Наладить электронику побыстрее!,repair,near
Переподключить провода сейчас!,repair,near
Смазать петли немедленно!,repair,near
Переподключить провода срочно!,repair,near
Проверить предохранители сейчас!,repair,near
Починить систему охлаждения,repair,near
Наладить электронику,repair,near
Заменить модуль побыстрее!,repair,near
Починить систему охлаждения побыстрее!,repair,near
Устранить утечку живо!,repair,near
Устранить утечку побыстрее!,repair,near
Починить систему охлаждения немедленно!,repair,near
Починить систему охлаждения без промедления!,repair,near
Смазать петли быстро!,repair,near
Проверить предохранители,repair,near
Проверить предохранители,repair,near
Проверить предохранители срочно!,repair,near
Починить систему охлаждения сейчас!,repair,near
Починить вентиляцию живо!,repair,near
Проверить предохранители немедленно!,repair,near
Проверить питание,repair,near
Заменить модуль сейчас!,repair,near
"Эй! перевязать раненого, главный!",heal,Капитан
"Помочь пострадавшему — главный, живо!",heal,Капитан
"перевязать раненого, командир, эй!",heal,Капитан
"Оказать первую помощь — капитан, быстрее!",heal,Капитан
"Слушай, Командир, оказать первую помощь сейчас!",heal,Капитан
"Давай, выполнить реанимацию, командир!",heal,Капитан
"Давай, оказать первую помощь, капитан!",heal,Капитан
"Срочно, Главный, перевязать рану живо!",heal,Капитан
"Быстрее, Главный, перевязать рану побыстрее!",heal,Капитан
"остановить кровотечение, капитан, живо!",heal,Капитан
"Быстрее, перевязать раненого, командир!",heal,Капитан
"Перевязать рану — командир, эй!",heal,Капитан
"Давай, перенести в укрытие, капитан!",heal,Капитан
"перевязать раненого, капитан, эй!",heal,Капитан
"Командир, оказать первую помощь немедленно!",heal,Капитан
"Ну, остановить кровотечение, капитан!",heal,Капитан
"Выполнить реанимацию — командир, живо!",heal,Капитан
"проверить пульс, командир, быстрее!",heal,Капитан
"помочь пострадавшему, главный, давай!",heal,Капитан
"Быстрее! перевязать рану, капитан!",heal,Капитан
"проверить пульс, главный, живо!",heal,Капитан
"Командир, помочь пострадавшему",heal,Капитан
"Командир, перенести в укрытие срочно!",heal,Капитан
"Ну! перенести в укрытие, капитан!",heal,Капитан
"перевязать рану, капитан, слушай!",heal,Капитан
"Слушай, Капитан, ввести антидот живо!",heal,Капитан
"Командир, перевязать раненого без промедления!",heal,Капитан
"Капитан, ввести антидот немедленно!",heal,Капитан
"Давай, Главный, ввести антидот живо!",heal,Капитан
"Капитан, оказать первую помощь быстро!",heal,Капитан
"Быстрее, проверить пульс, капитан!",heal,Капитан
"Быстрее, Капитан, подготовить носилки немедленно!",heal,Капитан
"оказать первую помощь, главный, быстрее!",heal,Капитан
"Командир, оказать первую помощь живо!",heal,Капитан
"Капитан, выполнить реанимацию срочно!",heal,Капитан
"Быстрее, остановить кровотечение, главный!",heal,Капитан
"Главный, остановить кровотечение срочно!",heal,Капитан
"перевязать рану, главный, давай!",heal,Капитан
"Живо, ввести антидот, капитан!",heal,Капитан
"Ну! подготовить носилки, капитан!",heal,Капитан
"Ну, Командир, проверить пульс живо!",heal,Капитан
"Эй! перевязать раненого, главный!",heal,Капитан
"Быстрее, перенести в укрытие, капитан!",heal,Капитан
"Ну! ввести антидот, главный!",heal,Капитан
"Давай, проверить пульс, капитан!",heal,Капитан
"выполнить реанимацию, главный, срочно!",heal,Капитан
"Перенести в укрытие — командир, давай!",heal,Капитан
"Капитан, ввести антидот немедленно!",heal,Капитан
"Срочно, Командир, перевязать рану сейчас!",heal,Капитан
"Ну! проверить пульс, главный!",heal,Капитан
"Живо, ввести антидот, капитан!",heal,Капитан
"Давай, выполнить реанимацию, командир!",heal,Капитан
"Эй, Командир, перенести в укрытие срочно!",heal,Капитан
"Живо! перевязать раненого, главный!",heal,Капитан
"Быстрее, Главный, выполнить реанимацию",heal,Капитан
"Эй! ввести антидот, командир!",heal,Капитан
"подготовить носилки, капитан, давай!",heal,Капитан
"Давай, ввести антидот, командир!",heal,Капитан
"Проверить пульс — главный, живо!",heal,Капитан
"Командир, ввести антидот живо!",heal,Капитан
"Быстрее, выполнить реанимацию, капитан!",heal,Капитан
"Эй, проверить пульс, главный!",heal,Капитан
"Давай, Главный, остановить кровотечение сейчас!",heal,Капитан
"Оказать первую помощь — капитан, ну!",heal,Капитан
"Срочно! перевязать раненого, главный!",heal,Капитан
"Давай! выполнить реанимацию, капитан!",heal,Капитан
"Оказать первую помощь — командир, срочно!",heal,Капитан
"Выполнить реанимацию — командир, эй!",heal,Капитан
"Проверить пульс — главный, быстрее!",heal,Капитан
"Живо, Главный, перенести в укрытие срочно!",heal,Капитан
"Слушай, ввести антидот, командир!",heal,Капитан
"оказать первую помощь, главный, живо!",heal,Капитан
"Давай, проверить пульс, командир!",heal,Капитан
"Главный, выполнить реанимацию живо!",heal,Капитан
"Командир, выполнить реанимацию быстро!",heal,Капитан
"Ну, перевязать рану, командир!",heal,Капитан
"Срочно, помочь пострадавшему, командир!",heal,Капитан
"Проверить пульс — командир, ну!",heal,Капитан
"перевязать раненого, главный, живо!",heal,Капитан
"Эй! перенести в укрытие, командир!",heal,Капитан
"Живо! подготовить носилки, командир!",heal,Капитан
"Главный, подготовить носилки без промедления!",heal,Капитан
"Срочно, перенести в укрытие, капитан!",heal,Капитан
"Быстрее, Командир, ввести антидот сейчас!",heal,Капитан
"Ну! проверить пульс, главный!",heal,Капитан
"Ну, перенести в укрытие, капитан!",heal,Капитан
"Срочно! остановить кровотечение, капитан!",heal,Капитан
"Быстрее, оказать первую помощь, командир!",heal,Капитан
"Капитан, перевязать рану сейчас!",heal,Капитан
"Ну, Командир, проверить пульс сейчас!",heal,Капитан
"Оказать первую помощь — главный, слушай!",heal,Капитан
"Слушай, Главный, проверить пульс без промедления!",heal,Капитан
"Подготовить носилки — главный, срочно!",heal,Капитан
"оказать первую помощь, командир, эй!",heal,Капитан
"Главный, перевязать рану",heal,Капитан
"Живо, выполнить реанимацию, командир!",heal,Капитан
"Проверить пульс — капитан, быстрее!",heal,Капитан
"Выполнить реанимацию — командир, живо!",heal,Капитан
"Давай, Главный, выполнить реанимацию быстро!",heal,Капитан
"Эй! помочь пострадавшему, капитан!",heal,Капитан
"Боец, оказать первую помощь",heal,Охранник
"Быстрее, оказать первую помощь, боец!",heal,Охранник
"Страж, перевязать рану без промедления!",heal,Охранник
"Давай, Боец, перевязать раненого без промедления!",heal,Охранник
"Боец, перенести в укрытие без промедления!",heal,Охранник
"Быстрее! проверить пульс, страж!",heal,Охранник
"Давай, выполнить реанимацию, страж!",heal,Охранник
"Помочь пострадавшему — боец, эй!",heal,Охранник
"Выполнить реанимацию — охранник, быстрее!",heal,Охранник
"Срочно! проверить пульс, боец!",heal,Охранник
"Эй, Охранник, оказать первую помощь немедленно!",heal,Охранник
"Давай, перенести в укрытие, боец!",heal,Охранник
"Эй, Охранник, остановить кровотечение",heal,Охранник
"Слушай! перевязать раненого, боец!",heal,Охранник
"Срочно! перевязать раненого, страж!",heal,Охранник
"Перевязать раненого — страж, эй!",heal,Охранник
"помочь пострадавшему, страж, живо!",heal,Охранник
"Проверить пульс — охранник, эй!",heal,Охранник
"Ну, Страж, остановить кровотечение срочно!",heal,Охранник
"Быстрее! помочь пострадавшему, охранник!",heal,Охранник
"перевязать рану, охранник, срочно!",heal,Охранник
"Эй, Боец, подготовить носилки живо!",heal,Охранник
"Страж, подготовить носилки без промедления!",heal,Охранник
"Живо! перевязать рану, охранник!",heal,Охранник
"Страж, оказать первую помощь без промедления!",heal,Охранник
"Подготовить носилки — охранник, слушай!",heal,Охранник
"Срочно, подготовить носилки, охранник!",heal,Охранник
"Срочно! перевязать рану, охранник!",heal,Охранник
"Живо! оказать первую помощь, охранник!",heal,Охранник
"перенести в укрытие, боец, давай!",heal,Охранник
"Помочь пострадавшему — охранник, срочно!",heal,Охранник
"помочь пострадавшему, охранник, быстрее!",heal,Охранник
"Быстрее, Охранник, перенести в укрытие немедленно!",heal,Охранник
"остановить кровотечение, страж, эй!",heal,Охранник
"Слушай! перенести в укрытие, боец!",heal,Охранник
"перенести в укрытие, боец, быстрее!",heal,Охранник
"Охранник, остановить кровотечение быстро!",heal,Охранник
"Страж, подготовить носилки живо!",heal,Охранник
"Боец, подготовить носилки побыстрее!",heal,Охранник
"Боец, перенести в укрытие быстро!",heal,Охранник
"Оказать первую помощь — охранник, быстрее!",heal,Охранник
"Живо, Охранник, перенести в укрытие",heal,Охранник
"Живо, Охранник, перенести в укрытие побыстрее!",heal,Охранник
"Эй, Охранник, помочь пострадавшему срочно!",heal,Охранник
"Страж, ввести антидот живо!",heal,Охранник
"Быстрее, проверить пульс, боец!",heal,Охранник
"Боец, проверить пульс живо!",heal,Охранник
"Живо! выполнить реанимацию, охранник!",heal,Охранник
"Давай, Боец, перевязать рану побыстрее!",heal,Охранник
"Слушай, Боец, ввести антидот без промедления!",heal,Охранник
"выполнить реанимацию, боец, живо!",heal,Охранник
"ввести антидот, страж, срочно!",heal,Охранник
"Эй, ввести антидот, боец!",heal,Охранник
"Подготовить носилки — охранник, ну!",heal,Охранник
"Срочно, перевязать рану, охранник!",heal,Охранник
"Охранник, подготовить носилки быстро!",heal,Охранник
"Проверить пульс — боец, живо!",heal,Охранник
"помочь пострадавшему, боец, живо!",heal,Охранник
"Живо, ввести антидот, боец!",heal,Охранник
"Боец, остановить кровотечение без промедления!",heal,Охранник
"Слушай! подготовить носилки, боец!",heal,Охранник
"Слушай, Страж, выполнить реанимацию побыстрее!",heal,Охранник
"Эй, подготовить носилки, боец!",heal,Охранник
"помочь пострадавшему, охранник, эй!",heal,Охранник
"выполнить реанимацию, страж, быстрее!",heal,Охранник
"Срочно! выполнить реанимацию, страж!",heal,Охранник
"Боец, проверить пульс срочно!",heal,Охранник
"Живо, Боец, помочь пострадавшему",heal,Охранник
"Живо! помочь пострадавшему, боец!",heal,Охранник
"Живо, оказать первую помощь, боец!",heal,Охранник
"Быстрее, перенести в укрытие, боец!",heal,Охранник
"Страж, ввести антидот быстро!",heal,Охранник
"Срочно! оказать первую помощь, боец!",heal,Охранник
"Быстрее! подготовить носилки, страж!",heal,Охранник
"Слушай! перенести в укрытие, страж!",heal,Охранник
"Помочь пострадавшему — страж, ну!",heal,Охранник
"Боец, подготовить носилки побыстрее!",heal,Охранник
"Срочно, Страж, ввести антидот без промедления!",heal,Охранник
"Слушай, остановить кровотечение, боец!",heal,Охранник
"Подготовить носилки — боец, срочно!",heal,Охранник
"Быстрее, Страж, перевязать рану",heal,Охранник
"Давай, помочь пострадавшему, страж!",heal,Охранник
"Срочно, Страж, проверить пульс побыстрее!",heal,Охранник
"Ну, остановить кровотечение, охранник!",heal,Охранник
"Живо! оказать первую помощь, охранник!",heal,Охранник
"перевязать раненого, страж, быстрее!",heal,Охранник
"Срочно, перенести в укрытие, боец!",heal,Охранник
"Охранник, подготовить носилки побыстрее!",heal,Охранник
"Ну, проверить пульс, страж!",heal,Охранник
"Перевязать рану — страж, ну!",heal,Охранник
"Живо, Страж, остановить кровотечение",heal,Охранник
"Эй! остановить кровотечение, охранник!",heal,Охранник
"Слушай, перевязать рану, страж!",heal,Охранник
"Страж, проверить пульс немедленно!",heal,Охранник
"перевязать рану, страж, быстрее!",heal,Охранник
"перевязать рану, охранник, ну!",heal,Охранник
"Слушай, выполнить реанимацию, охранник!",heal,Охранник
"Эй! помочь пострадавшему, боец!",heal,Охранник
"Ну, Боец, остановить кровотечение без промедления!",heal,Охранник
"оказать первую помощь, боец, быстрее!",heal,Охранник
"Док, выполнить реанимацию живо!",heal,Медик
"Врач, подготовить носилки побыстрее!",heal,Медик
"Ну, Медик, ввести антидот быстро!",heal,Медик
"проверить пульс, док, живо!",heal,Медик
"Быстрее! перенести в укрытие, врач!",heal,Медик
"Медик, оказать первую помощь без промедления!",heal,Медик
"Слушай, Врач, помочь пострадавшему сейчас!",heal,Медик
"Врач, перевязать рану сейчас!",heal,Медик
"Эй, выполнить реанимацию, док!",heal,Медик
"Давай, Медик, помочь пострадавшему немедленно!",heal,Медик
"перенести в укрытие, док, слушай!",heal,Медик
"Ввести антидот — медик, живо!",heal,Медик
"Быстрее, помочь пострадавшему, док!",heal,Медик
"Давай, проверить пульс, медик!",heal,Медик
"Выполнить реанимацию — врач, быстрее!",heal,Медик
"Ну! выполнить реанимацию, док!",heal,Медик
"Остановить кровотечение — медик, давай!",heal,Медик
"Медик, подготовить носилки побыстрее!",heal,Медик
"Перенести в укрытие — док, ну!",heal,Медик
"Слушай, Медик, остановить кровотечение побыстрее!",heal,Медик
"Остановить кровотечение — врач, слушай!",heal,Медик
"Выполнить реанимацию — док, эй!",heal,Медик
"ввести антидот, док, быстрее!",heal,Медик
"Врач, оказать первую помощь срочно!",heal,Медик
"ввести антидот, док, давай!",heal,Медик
"Срочно! перенести в укрытие, медик!",heal,Медик
"Давай, ввести антидот, врач!",heal,Медик
"помочь пострадавшему, медик, слушай!",heal,Медик
"Эй, подготовить носилки, док!",heal,Медик
"Док, остановить кровотечение без промедления!",heal,Медик
"Эй! остановить кровотечение, врач!",heal,Медик
"Живо! проверить пульс, медик!",heal,Медик
"Ну, ввести антидот, медик!",heal,Медик
"Живо! помочь пострадавшему, врач!",heal,Медик
"Врач, оказать первую помощь побыстрее!",heal,Медик
"Слушай, перенести в укрытие, врач!",heal,Медик
"Подготовить носилки — врач, давай!",heal,Медик
"Слушай, перевязать раненого, врач!",heal,Медик
"Врач, перевязать раненого живо!",heal,Медик
"Медик, ввести антидот побыстрее!",heal,Медик
"Подготовить носилки — врач, давай!",heal,Медик
"Эй! оказать первую помощь, врач!",heal,Медик
"Медик, оказать первую помощь срочно!",heal,Медик
"перенести в укрытие, врач, срочно!",heal,Медик
"Эй! перенести в укрытие, врач!",heal,Медик
"Эй, Медик, остановить кровотечение без промедления!",heal,Медик
"Медик, проверить пульс",heal,Медик
"Живо! перенести в укрытие, док!",heal,Медик
"Эй, помочь пострадавшему, врач!",heal,Медик
"Эй, помочь пострадавшему, медик!",heal,Медик
"оказать первую помощь, врач, эй!",heal,Медик
"выполнить реанимацию, медик, срочно!",heal,Медик
"Врач, ввести антидот немедленно!",heal,Медик
"Слушай! оказать первую помощь, медик!",heal,Медик
"Срочно! остановить кровотечение, док!",heal,Медик
"Срочно, перенести в укрытие, док!",heal,Медик
"Живо, Медик, перевязать раненого без промедления!",heal,Медик
"перенести в укрытие, медик, ну!",heal,Медик
"Слушай! перенести в укрытие, док!",heal,Медик
"Эй, Док, ввести антидот побыстрее!",heal,Медик
"Врач, проверить пульс сейчас!",heal,Медик
"Давай, ввести антидот, медик!",heal,Медик
"Остановить кровотечение — док, срочно!",heal,Медик
"Врач, подготовить носилки живо!",heal,Медик
"Док, оказать первую помощь немедленно!",heal,Медик
"Помочь пострадавшему — док, срочно!",heal,Медик
"ввести антидот, медик, давай!",heal,Медик
"Врач, перенести в укрытие живо!",heal,Медик
"Слушай! перенести в укрытие, док!",heal,Медик
"Подготовить носилки — медик, ну!",heal,Медик
"перевязать рану, док, слушай!",heal,Медик
"оказать первую помощь, врач, живо!",heal,Медик
"помочь пострадавшему, док, ну!",heal,Медик
"Живо, Врач, помочь пострадавшему",heal,Медик
"Давай! подготовить носилки, док!",heal,Медик
"Перевязать рану — врач, ну!",heal,Медик
"Медик, ввести антидот срочно!",heal,Медик
"Ну, помочь пострадавшему, док!",heal,Медик
"Док, помочь пострадавшему быстро!",heal,Медик
"проверить пульс, медик, слушай!",heal,Медик
"Эй, перенести в укрытие, врач!",heal,Медик
"Эй, перенести в укрытие, врач!",heal,Медик
"Быстрее! остановить кровотечение, док!",heal,Медик
"Док, оказать первую помощь быстро!",heal,Медик
"Срочно! оказать первую помощь, врач!",heal,Медик
"помочь пострадавшему, врач, живо!",heal,Медик
"перевязать рану, док, слушай!",heal,Медик
"Эй! перевязать рану, док!",heal,Медик
"Давай! перевязать рану, док!",heal,Медик
"остановить кровотечение, врач, давай!",heal,Медик
"Быстрее! перевязать рану, док!",heal,Медик
"Слушай, Медик, остановить кровотечение немедленно!",heal,Медик
"Живо, оказать первую помощь, док!",heal,Медик
"Быстрее! перевязать раненого, док!",heal,Медик
"Живо, помочь пострадавшему, док!",heal,Медик
"Подготовить носилки — врач, слушай!",heal,Медик
"Эй! проверить пульс, док!",heal,Медик
"Давай, оказать первую помощь, медик!",heal,Медик
"Эй! помочь пострадавшему, врач!",heal,Медик
"Медик, помочь пострадавшему",heal,Медик
"Подготовить носилки — инженер, слушай!",heal,Инженер
"Слушай! перевязать рану, электрик!",heal,Инженер
"остановить кровотечение, техник, срочно!",heal,Инженер
"Перевязать рану — инженер, слушай!",heal,Инженер
"Помочь пострадавшему — техник, живо!",heal,Инженер
"Техник, ввести антидот",heal,Инженер
"Живо, ввести антидот, техник!",heal,Инженер
"Эй, ввести антидот, электрик!",heal,Инженер
"Перенести в укрытие — техник, быстрее!",heal,Инженер
"Помочь пострадавшему — инженер, слушай!",heal,Инженер
"Инженер, перевязать раненого быстро!",heal,Инженер
"Инженер, перенести в укрытие живо!",heal,Инженер
"Живо! помочь пострадавшему, электрик!",heal,Инженер
"Электрик, остановить кровотечение сейчас!",heal,Инженер
"Перевязать раненого — инженер, быстрее!",heal,Инженер
"Техник, ввести антидот сейчас!",heal,Инженер
"Эй, перевязать раненого, электрик!",heal,Инженер
"Электрик, проверить пульс сейчас!",heal,Инженер
"Проверить пульс — техник, живо!",heal,Инженер
"Давай! оказать первую помощь, техник!",heal,Инженер
"Живо, Электрик, остановить кровотечение немедленно!",heal,Инженер
"Электрик, ввести антидот срочно!",heal,Инженер
"Техник, подготовить носилки немедленно!",heal,Инженер
"Срочно, Инженер, подготовить носилки живо!",heal,Инженер
"Инженер, перенести в укрытие немедленно!",heal,Инженер
"Слушай, Техник, перевязать рану",heal,Инженер
"Помочь пострадавшему — инженер, эй!",heal,Инженер
"Перевязать рану — техник, слушай!",heal,Инженер
"Быстрее, Инженер, проверить пульс быстро!",heal,Инженер
"Выполнить реанимацию — инженер, слушай!",heal,Инженер
"Срочно, оказать первую помощь, инженер!",heal,Инженер
"Быстрее, остановить кровотечение, техник!",heal,Инженер
"Выполнить реанимацию — электрик, слушай!",heal,Инженер
"Быстрее! ввести антидот, техник!",heal,Инженер
"Эй, перевязать раненого, электрик!",heal,Инженер
"Помочь пострадавшему — техник, ну!",heal,Инженер
"Инженер, подготовить носилки немедленно!",heal,Инженер
"Живо, Инженер, ввести антидот побыстрее!",heal,Инженер
"Техник, подготовить носилки побыстрее!",heal,Инженер
"Инженер, подготовить носилки срочно!",heal,Инженер
"Живо, Техник, проверить пульс",heal,Инженер
"Эй, помочь пострадавшему, техник!",heal,Инженер
"перевязать рану, электрик, срочно!",heal,Инженер
"перенести в укрытие, электрик, слушай!",heal,Инженер
"Слушай, Техник, подготовить носилки срочно!",heal,Инженер
"Эй! помочь пострадавшему, инженер!",heal,Инженер
"Живо, перевязать рану, инженер!",heal,Инженер
"Слушай, Инженер, выполнить реанимацию немедленно!",heal,Инженер
"Ну, Электрик, помочь пострадавшему живо!",heal,Инженер
"Выполнить реанимацию — электрик, эй!",heal,Инженер
"Срочно! выполнить реанимацию, электрик!",heal,Инженер
"Электрик, помочь пострадавшему быстро!",heal,Инженер
"Эй! перенести в укрытие, электрик!",heal,Инженер
"Срочно, оказать первую помощь, инженер!",heal,Инженер
"Живо! перевязать раненого, техник!",heal,Инженер
"Срочно! подготовить носилки, электрик!",heal,Инженер
"Подготовить носилки — техник, ну!",heal,Инженер
"Эй, Техник, ввести антидот побыстрее!",heal,Инженер
"Техник, перенести в укрытие немедленно!",heal,Инженер
"выполнить реанимацию, электрик, эй!",heal,Инженер
"перевязать раненого, техник, слушай!",heal,Инженер
"Слушай! проверить пульс, техник!",heal,Инженер
"Проверить пульс — техник, эй!",heal,Инженер
"Проверить пульс — электрик, ну!",heal,Инженер
"подготовить носилки, инженер, срочно!",heal,Инженер
"Срочно, Электрик, подготовить носилки быстро!",heal,Инженер
"Электрик, выполнить реанимацию сейчас!",heal,Инженер
"Слушай! остановить кровотечение, техник!",heal,Инженер
"остановить кровотечение, инженер, эй!",heal,Инженер
"Эй, Инженер, подготовить носилки без промедления!",heal,Инженер
"Быстрее, Техник, оказать первую помощь живо!",heal,Инженер
"Инженер, подготовить носилки быстро!",heal,Инженер
"Перенести в укрытие — техник, слушай!",heal,Инженер
"Техник, оказать первую помощь сейчас!",heal,Инженер
"Быстрее, подготовить носилки, техник!",heal,Инженер
"подготовить носилки, инженер, ну!",heal,Инженер
"Перевязать раненого — электрик, давай!",heal,Инженер
"Давай! выполнить реанимацию, электрик!",heal,Инженер
"Подготовить носилки — электрик, давай!",heal,Инженер
"Слушай! оказать первую помощь, инженер!",heal,Инженер
"Ввести антидот — инженер, давай!",heal,Инженер
"Срочно, Техник, перевязать рану без промедления!",heal,Инженер
"Инженер, оказать первую помощь срочно!",heal,Инженер
"Инженер, подготовить носилки живо!",heal,Инженер
"Ну, Электрик, ввести антидот без промедления!",heal,Инженер
"ввести антидот, техник, слушай!",heal,Инженер
"Ну, Техник, проверить пульс",heal,Инженер
"Инженер, подготовить носилки сейчас!",heal,Инженер
"Оказать первую помощь — электрик, живо!",heal,Инженер
"Ну! перевязать раненого, инженер!",heal,Инженер
"помочь пострадавшему, электрик, давай!",heal,Инженер
"Электрик, перевязать рану сейчас!",heal,Инженер
"Техник, проверить пульс быстро!",heal,Инженер
"Помочь пострадавшему — техник, живо!",heal,Инженер
"Слушай! оказать первую помощь, инженер!",heal,Инженер
"Электрик, оказать первую помощь побыстрее!",heal,Инженер
"ввести антидот, техник, ну!",heal,Инженер
"Электрик, подготовить носилки живо!",heal,Инженер
"Быстрее! оказать первую помощь, электрик!",heal,Инженер
"Срочно! оказать первую помощь, техник!",heal,Инженер
"Давай! помочь пострадавшему, ремонтник!",heal,Механик
"Чинила, ввести антидот быстро!",heal,Механик
"Давай, Чинила, остановить кровотечение немедленно!",heal,Механик
"Ну, оказать первую помощь, ремонтник!",heal,Механик
"помочь пострадавшему, ремонтник, ну!",heal,Механик
"Чинила, перевязать рану срочно!",heal,Механик
"Ремонтник, перевязать рану немедленно!",heal,Механик
"Ну, Ремонтник, подготовить носилки без промедления!",heal,Механик
"Давай! остановить кровотечение, механик!",heal,Механик
"Быстрее, ввести антидот, ремонтник!",heal,Механик
"Ну! подготовить носилки, механик!",heal,Механик
"Живо, перевязать рану, механик!",heal,Механик
"Слушай! остановить кровотечение, механик!",heal,Механик
"Перенести в укрытие — чинила, давай!",heal,Механик
"Ремонтник, перевязать рану побыстрее!",heal,Механик
"Ввести антидот — механик, эй!",heal,Механик
"выполнить реанимацию, ремонтник, ну!",heal,Механик
"Механик, перевязать рану",heal,Механик
"Ремонтник, выполнить реанимацию живо!",heal,Механик
"Ну, Механик, остановить кровотечение побыстрее!",heal,Механик
"Ну, помочь пострадавшему, ремонтник!",heal,Механик
"Быстрее, остановить кровотечение, чинила!",heal,Механик
"Слушай, Ремонтник, оказать первую помощь живо!",heal,Механик
"Живо, ввести антидот, чинила!",heal,Механик
"Эй, перевязать рану, механик!",heal,Механик
"Чинила, выполнить реанимацию",heal,Механик
"Перевязать раненого — механик, эй!",heal,Механик
"проверить пульс, чинила, быстрее!",heal,Механик
"проверить пульс, ремонтник, живо!",heal,Механик
"Ремонтник, ввести антидот живо!",heal,Механик
"Живо, Ремонтник, перевязать раненого быстро!",heal,Механик
"Давай, Ремонтник, перевязать раненого немедленно!",heal,Механик
"Эй! проверить пульс, ремонтник!",heal,Механик
"Слушай! проверить пульс, механик!",heal,Механик
"Живо! выполнить реанимацию, ремонтник!",heal,Механик
"перевязать раненого, механик, ну!",heal,Механик
"Механик, проверить пульс живо!",heal,Механик
"Выполнить реанимацию — чинила, живо!",heal,Механик
"Эй! ввести антидот, чинила!",heal,Механик
"Ввести антидот — чинила, срочно!",heal,Механик
"Выполнить реанимацию — чинила, слушай!",heal,Механик
"Срочно, перевязать раненого, механик!",heal,Механик
"Чинила, выполнить реанимацию побыстрее!",heal,Механик
"Механик, остановить кровотечение немедленно!",heal,Механик
"выполнить реанимацию, механик, срочно!",heal,Механик
"выполнить реанимацию, ремонтник, быстрее!",heal,Механик
"Слушай! перевязать раненого, механик!",heal,Механик
"Выполнить реанимацию — ремонтник, слушай!",heal,Механик
"Эй, Механик, выполнить реанимацию немедленно!",heal,Механик
"Ну! перенести в укрытие, чинила!",heal,Механик
"Живо, Механик, помочь пострадавшему побыстрее!",heal,Механик
"Ну, подготовить носилки, чинила!",heal,Механик
"Ну! перевязать рану, чинила!",heal,Механик
"оказать первую помощь, ремонтник, быстрее!",heal,Механик
"Эй, помочь пострадавшему, механик!",heal,Механик
"Оказать первую помощь — ремонтник, быстрее!",heal,Механик
"перевязать рану, ремонтник, ну!",heal,Механик
"Оказать первую помощь — механик, быстрее!",heal,Механик
"Давай! выполнить реанимацию, ремонтник!",heal,Механик
"помочь пострадавшему, чинила, давай!",heal,Механик
"Живо, выполнить реанимацию, чинила!",heal,Механик
"Эй! остановить кровотечение, чинила!",heal,Механик
"Быстрее, проверить пульс, ремонтник!",heal,Механик
"Ввести антидот — механик, давай!",heal,Механик
"остановить кровотечение, механик, срочно!",heal,Механик
"Ну, перевязать рану, чинила!",heal,Механик
"Живо, перевязать рану, механик!",heal,Механик
"Живо, перевязать раненого, чинила!",heal,Механик
"Ремонтник, выполнить реанимацию побыстрее!",heal,Механик
"Подготовить носилки — чинила, давай!",heal,Механик
"Давай, Ремонтник, перевязать рану побыстрее!",heal,Механик
"Ремонтник, ввести антидот быстро!",heal,Механик
"проверить пульс, ремонтник, срочно!",heal,Механик
"Чинила, подготовить носилки живо!",heal,Механик
"Слушай, Ремонтник, оказать первую помощь сейчас!",heal,Механик
"Срочно! оказать первую помощь, ремонтник!",heal,Механик
"Ну, Механик, выполнить реанимацию побыстрее!",heal,Механик
"Живо! перенести в укрытие, ремонтник!",heal,Механик
"Срочно! оказать первую помощь, механик!",heal,Механик
"Эй, помочь пострадавшему, механик!",heal,Механик
"Давай! перевязать рану, чинила!",heal,Механик
"Живо, Ремонтник, подготовить носилки без промедления!",heal,Механик
"проверить пульс, механик, живо!",heal,Механик
"Срочно, подготовить носилки, механик!",heal,Механик
"остановить кровотечение, механик, живо!",heal,Механик
"Чинила, проверить пульс живо!",heal,Механик
"Слушай, остановить кровотечение, ремонтник!",heal,Механик
"Перевязать раненого — чинила, ну!",heal,Механик
"выполнить реанимацию, механик, эй!",heal,Механик
"Чинила, проверить пульс побыстрее!",heal,Механик
"Механик, остановить кровотечение без промедления!",heal,Механик
"Быстрее, Механик, ввести антидот сейчас!",heal,Механик
"выполнить реанимацию, чинила, быстрее!",heal,Механик
"оказать первую помощь, ремонтник, быстрее!",heal,Механик
"Чинила, перенести в укрытие",heal,Механик
"Перенести в укрытие — чинила, эй!",heal,Механик
"Слушай! выполнить реанимацию, ремонтник!",heal,Механик
"Ну, перенести в укрытие, механик!",heal,Механик
"Остановить кровотечение — чинила, слушай!",heal,Механик
"выполнить реанимацию, механик, ну!",heal,Механик
"Перенести в укрытие — ассистент, живо!",heal,Помощник
"Подручный, остановить кровотечение побыстрее!",heal,Помощник
"Слушай! остановить кровотечение, ассистент!",heal,Помощник
"Подручный, помочь пострадавшему без промедления!",heal,Помощник
"остановить кровотечение, подручный, быстрее!",heal,Помощник
"Быстрее, Ассистент, оказать первую помощь",heal,Помощник
"Давай, Подручный, выполнить реанимацию срочно!",heal,Помощник
"Живо, подготовить носилки, ассистент!",heal,Помощник
"Давай, Ассистент, перевязать раненого быстро!",heal,Помощник
"Живо, проверить пульс, подручный!",heal,Помощник
"Остановить кровотечение — ассистент, эй!",heal,Помощник
"Быстрее, Ассистент, перевязать рану быстро!",heal,Помощник
"Проверить пульс — ассистент, живо!",heal,Помощник
"Ну! подготовить носилки, подручный!",heal,Помощник
"Помощник, подготовить носилки живо!",heal,Помощник
"Оказать первую помощь — помощник, ну!",heal,Помощник
"Слушай! перенести в укрытие, ассистент!",heal,Помощник
"Давай! подготовить носилки, подручный!",heal,Помощник
"Ну, Помощник, подготовить носилки сейчас!",heal,Помощник
"Быстрее, Подручный, перевязать рану побыстрее!",heal,Помощник
"перенести в укрытие, помощник, быстрее!",heal,Помощник
"Оказать первую помощь — помощник, срочно!",heal,Помощник
"Живо, помочь пострадавшему, помощник!",heal,Помощник
"Живо, выполнить реанимацию, ассистент!",heal,Помощник
"Быстрее, Подручный, подготовить носилки срочно!",heal,Помощник
"Слушай! оказать первую помощь, подручный!",heal,Помощник
"оказать первую помощь, помощник, слушай!",heal,Помощник
"перевязать раненого, помощник, слушай!",heal,Помощник
"Слушай, Помощник, выполнить реанимацию живо!",heal,Помощник
"Остановить кровотечение — помощник, давай!",heal,Помощник
"Подручный, помочь пострадавшему быстро!",heal,Помощник
"Помощник, остановить кровотечение срочно!",heal,Помощник
"Ну, проверить пульс, ассистент!",heal,Помощник
"Давай, ввести антидот, подручный!",heal,Помощник
"Ну, выполнить реанимацию, подручный!",heal,Помощник
"Давай, оказать первую помощь, помощник!",heal,Помощник
"перевязать раненого, помощник, живо!",heal,Помощник
"Помощник, остановить кровотечение",heal,Помощник
"Ну! проверить пульс, подручный!",heal,Помощник
"Срочно! перенести в укрытие, помощник!",heal,Помощник
"Живо! остановить кровотечение, ассистент!",heal,Помощник
"Срочно, помочь пострадавшему, подручный!",heal,Помощник
"Ассистент, выполнить реанимацию без промедления!",heal,Помощник
"оказать первую помощь, ассистент, живо!",heal,Помощник
"Слушай, Помощник, помочь пострадавшему живо!",heal,Помощник
"Ну! перенести в укрытие, ассистент!",heal,Помощник
"Давай! проверить пульс, помощник!",heal,Помощник
"Давай, подготовить носилки, ассистент!",heal,Помощник
"Ну! перевязать рану, помощник!",heal,Помощник
"Срочно, проверить пульс, ассистент!",heal,Помощник
"Подручный, перевязать раненого немедленно!",heal,Помощник
"Слушай! перевязать раненого, ассистент!",heal,Помощник
"Эй, Ассистент, помочь пострадавшему срочно!",heal,Помощник
"Слушай! перенести в укрытие, ассистент!",heal,Помощник
"Ну, помочь пострадавшему, подручный!",heal,Помощник
"Срочно, подготовить носилки, помощник!",heal,Помощник
"Эй! оказать первую помощь, помощник!",heal,Помощник
"Помощник, ввести антидот",heal,Помощник
"Эй! остановить кровотечение, помощник!",heal,Помощник
"Давай, ввести антидот, ассистент!",heal,Помощник
"Слушай, Ассистент, ввести антидот сейчас!",heal,Помощник
"Давай! помочь пострадавшему, помощник!",heal,Помощник
"Помощник, ввести антидот сейчас!",heal,Помощник
"Ну! оказать первую помощь, ассистент!",heal,Помощник
"Эй! остановить кровотечение, помощник!",heal,Помощник
"подготовить носилки, помощник, давай!",heal,Помощник
"Срочно! остановить кровотечение, помощник!",heal,Помощник
"Давай! проверить пульс, подручный!",heal,Помощник
"Подручный, перевязать рану",heal,Помощник
"Ну, Помощник, перенести в укрытие срочно!",heal,Помощник
"помочь пострадавшему, помощник, срочно!",heal,Помощник
"Эй, Помощник, перенести в укрытие без промедления!",heal,Помощник
"Живо, Подручный, ввести антидот сейчас!",heal,Помощник
"Давай, проверить пульс, помощник!",heal,Помощник
"Подготовить носилки — подручный, эй!",heal,Помощник
"Живо! выполнить реанимацию, помощник!",heal,Помощник
"Ассистент, выполнить реанимацию сейчас!",heal,Помощник
"Срочно! проверить пульс, помощник!",heal,Помощник
"Быстрее! проверить пульс, помощник!",heal,Помощник
"Эй, Помощник, помочь пострадавшему быстро!",heal,Помощник
"выполнить реанимацию, ассистент, слушай!",heal,Помощник
"Подготовить носилки — помощник, слушай!",heal,Помощник
"Эй! выполнить реанимацию, помощник!",heal,Помощник
"Помощник, проверить пульс быстро!",heal,Помощник
"Быстрее, Ассистент, проверить пульс немедленно!",heal,Помощник
"Подручный, выполнить реанимацию побыстрее!",heal,Помощник
"Живо, подготовить носилки, ассистент!",heal,Помощник
"Перенести в укрытие — подручный, эй!",heal,Помощник
"выполнить реанимацию, ассистент, живо!",heal,Помощник
"Ввести антидот — помощник, срочно!",heal,Помощник
"Проверить пульс — ассистент, давай!",heal,Помощник
"Быстрее! помочь пострадавшему, подручный!",heal,Помощник
"Давай! проверить пульс, ассистент!",heal,Помощник
"подготовить носилки, ассистент, эй!",heal,Помощник
"Подготовить носилки — подручный, эй!",heal,Помощник
"Быстрее! помочь пострадавшему, ассистент!",heal,Помощник
"Ассистент, ввести антидот срочно!",heal,Помощник
"оказать первую помощь, помощник, быстрее!",heal,Помощник
"Быстрее, Помощник, подготовить носилки сейчас!",heal,Помощник
"Перевязать рану — ассистент, срочно!",heal,Помощник
"Всем, подготовить носилки побыстрее!",heal,all
"Экипажу, помочь пострадавшему быстро!",heal,all
"Команда, перевязать раненого немедленно!",heal,all
"Всему отряду, проверить пульс сейчас!",heal,all
"Экипажу, ввести антидот сейчас!",heal,all
"Всем, перевязать раненого живо!",heal,all
"Команда, остановить кровотечение живо!",heal,all
"Всему отряду, ввести антидот без промедления!",heal,all
"Всем, подготовить носилки живо!",heal,all
"Всем, ввести антидот побыстрее!",heal,all
"Команда, проверить пульс немедленно!",heal,all
"Всем, остановить кровотечение немедленно!",heal,all
"Команда, перенести в укрытие без промедления!",heal,all
"Команда, перенести в укрытие без промедления!",heal,all
"Всем составом, перенести в укрытие живо!",heal,all
"Экипажу, проверить пульс быстро!",heal,all
"Всему отряду, перевязать рану живо!",heal,all
"Всему отряду, помочь пострадавшему срочно!",heal,all
"Всему отряду, ввести антидот побыстрее!",heal,all
"Всем, перевязать рану",heal,all
"Команда, перевязать раненого срочно!",heal,all
"Всем составом, оказать первую помощь живо!",heal,all
"Команда, перевязать рану срочно!",heal,all
"Всему отряду, подготовить носилки",heal,all
"Всем, проверить пульс немедленно!",heal,all
"Всем, ввести антидот без промедления!",heal,all
"Всему отряду, перенести в укрытие немедленно!",heal,all
"Всем, остановить кровотечение",heal,all
"Экипажу, перевязать раненого немедленно!",heal,all
"Всем составом, помочь пострадавшему побыстрее!",heal,all
"Всем составом, проверить пульс быстро!",heal,all
"Всем составом, перевязать раненого срочно!",heal,all
"Всем составом, оказать первую помощь",heal,all
"Всему отряду, выполнить реанимацию",heal,all
"Всем, помочь пострадавшему сейчас!",heal,all
"Всем, проверить пульс",heal,all
"Всему отряду, выполнить реанимацию срочно!",heal,all
"Всему отряду, проверить пульс без промедления!",heal,all
"Всем, перевязать раненого живо!",heal,all
"Всему отряду, оказать первую помощь побыстрее!",heal,all
"Всему отряду, выполнить реанимацию побыстрее!",heal,all
"Команда, перевязать раненого без промедления!",heal,all
"Всем, проверить пульс немедленно!",heal,all
"Команда, выполнить реанимацию",heal,all
"Команда, подготовить носилки быстро!",heal,all
"Экипажу, помочь пострадавшему сейчас!",heal,all
"Всем, проверить пульс быстро!",heal,all
"Команда, перевязать рану немедленно!",heal,all
"Всем, проверить пульс немедленно!",heal,all
"Всем, выполнить реанимацию немедленно!",heal,all
"Экипажу, подготовить носилки",heal,all
"Команда, подготовить носилки без промедления!",heal,all
"Экипажу, проверить пульс без промедления!",heal,all
"Команда, оказать первую помощь побыстрее!",heal,all
"Экипажу, проверить пульс быстро!",heal,all
"Команда, перевязать раненого срочно!",heal,all
"Всему отряду, проверить пульс без промедления!",heal,all
"Экипажу, подготовить носилки сейчас!",heal,all
"Экипажу, выполнить реанимацию сейчас!",heal,all
"Всему отряду, помочь пострадавшему срочно!",heal,all
"Всему отряду, перевязать раненого без промедления!",heal,all
"Всем составом, перевязать раненого побыстрее!",heal,all
"Экипажу, выполнить реанимацию быстро!",heal,all
"Экипажу, перевязать рану быстро!",heal,all
"Всему отряду, перенести в укрытие немедленно!",heal,all
"Всем составом, помочь пострадавшему сейчас!",heal,all
"Экипажу, выполнить реанимацию живо!",heal,all
"Всем, выполнить реанимацию",heal,all
"Всем составом, перевязать раненого немедленно!",heal,all
"Всем, перевязать рану быстро!",heal,all
"Всем составом, проверить пульс срочно!",heal,all
"Команда, перенести в укрытие живо!",heal,all
"Всем, перенести в укрытие живо!",heal,all
"Всем, выполнить реанимацию быстро!",heal,all
"Всему отряду, перевязать рану живо!",heal,all
"Экипажу, выполнить реанимацию немедленно!",heal,all
"Экипажу, подготовить носилки немедленно!",heal,all
"Всем составом, ввести антидот сейчас!",heal,all
"Всему отряду, выполнить реанимацию сейчас!",heal,all
"Экипажу, остановить кровотечение",heal,all
"Всему отряду, проверить пульс сейчас!",heal,all
"Всему отряду, перевязать раненого быстро!",heal,all
"Всем составом, перевязать рану быстро!",heal,all
"Всему отряду, перенести в укрытие сейчас!",heal,all
"Команда, остановить кровотечение живо!",heal,all
"Всем, проверить пульс",heal,all
"Всем составом, перевязать рану живо!",heal,all
"Всем составом, перевязать рану побыстрее!",heal,all
"Команда, перенести в укрытие немедленно!",heal,all
"Экипажу, остановить кровотечение немедленно!",heal,all
"Всему отряду, помочь пострадавшему сейчас!",heal,all
"Всем, остановить кровотечение",heal,all
"Команда, проверить пульс срочно!",heal,all
"Всем составом, ввести антидот быстро!",heal,all
"Команда, перенести в укрытие немедленно!",heal,all
"Всем, перевязать рану срочно!",heal,all
"Экипажу, оказать первую помощь",heal,all
"Всем, оказать первую помощь",heal,all
"Всем, перевязать раненого быстро!",heal,all
"Всему отряду, подготовить носилки без промедления!",heal,all
Перенести в укрытие побыстрее!,heal,near
Перевязать рану немедленно!,heal,near
Выполнить реанимацию живо!,heal,near
Проверить пульс немедленно!,heal,near
Помочь пострадавшему без промедления!,heal,near
Перевязать рану без промедления!,heal,near
Подготовить носилки побыстрее!,heal,near
Подготовить носилки живо!,heal,near
Помочь пострадавшему,heal,near
Оказать первую помощь немедленно!,heal,near
Подготовить носилки сейчас!,heal,near
Помочь пострадавшему срочно!,heal,near
Проверить пульс побыстрее!,heal,near
Остановить кровотечение быстро!,heal,near
Перенести в укрытие,heal,near
Перевязать рану,heal,near
Перенести в укрытие,heal,near
Подготовить носилки быстро!,heal,near
Остановить кровотечение быстро!,heal,near
Перевязать раненого без промедления!,heal,near
Подготовить носилки быстро!,heal,near
Остановить кровотечение,heal,near
Ввести антидот немедленно!,heal,near
Проверить пульс немедленно!,heal,near
Перевязать раненого,heal,near
Подготовить носилки срочно!,heal,near
Оказать первую помощь быстро!,heal,near
Перевязать раненого сейчас!,heal,near
Проверить пульс сейчас!,heal,near
Оказать первую помощь немедленно!,heal,near
Оказать первую помощь срочно!,heal,near
Оказать первую помощь живо!,heal,near
Выполнить реанимацию живо!,heal,near
Перевязать рану живо!,heal,near
Перевязать рану побыстрее!,heal,near
Перевязать рану живо!,heal,near
Перевязать рану,heal,near
Помочь пострадавшему срочно!,heal,near
Выполнить реанимацию без промедления!,heal,near
Выполнить реанимацию побыстрее!,heal,near
Перевязать раненого живо!,heal,near
Перенести в укрытие без промедления!,heal,near
Помочь пострадавшему немедленно!,heal,near
Перевязать раненого без промедления!,heal,near
Оказать первую помощь сейчас!,heal,near
Остановить кровотечение сейчас!,heal,near
Подготовить носилки без промедления!,heal,near
Оказать первую помощь побыстрее!,heal,near
Перевязать раненого срочно!,heal,near
Перенести в укрытие срочно!,heal,near
Перевязать раненого,heal,near
Перенести в укрытие немедленно!,heal,near
Ввести антидот,heal,near
Ввести антидот быстро!,heal,near
Остановить кровотечение быстро!,heal,near
Оказать первую помощь срочно!,heal,near
Остановить кровотечение побыстрее!,heal,near
Ввести антидот без промедления!,heal,near
Выполнить реанимацию немедленно!,heal,near
Ввести антидот немедленно!,heal,near
Остановить кровотечение без промедления!,heal,near
Выполнить реанимацию,heal,near
Помочь пострадавшему без промедления!,heal,near
Перенести в укрытие,heal,near
Помочь пострадавшему сейчас!,heal,near
Перенести в укрытие быстро!,heal,near
Помочь пострадавшему живо!,heal,near
Проверить пульс без промедления!,heal,near
Выполнить реанимацию без промедления!,heal,near
Выполнить реанимацию живо!,heal,near
Перевязать раненого,heal,near
Подготовить носилки,heal,near
Перенести в укрытие сейчас!,heal,near
Помочь пострадавшему,heal,near
Подготовить носилки быстро!,heal,near
Перевязать рану сейчас!,heal,near
Ввести антидот немедленно!,heal,near
Ввести антидот немедленно!,heal,near
Выполнить реанимацию сейчас!,heal,near
Проверить пульс без промедления!,heal,near
Помочь пострадавшему срочно!,heal,near
Выполнить реанимацию сейчас!,heal,near
Выполнить реанимацию быстро!,heal,near
Оказать первую помощь живо!,heal,near
Выполнить реанимацию немедленно!,heal,near
Перенести в укрытие живо!,heal,near
Перевязать раненого срочно!,heal,near
Выполнить реанимацию быстро!,heal,near
Оказать первую помощь срочно!,heal,near
Ввести антидот быстро!,heal,near
Остановить кровотечение живо!,heal,near
Перевязать раненого без промедления!,heal,near
Помочь пострадавшему без промедления!,heal,near
Остановить кровотечение сейчас!,heal,near
Ввести антидот побыстрее!,heal,near
Остановить кровотечение живо!,heal,near
Выполнить реанимацию немедленно!,heal,near
Перевязать рану срочно!,heal,near
Перенести в укрытие,heal,near
Подготовить носилки сейчас!,heal,near
"Не шевелись, механик, пока идёт диагностика.",Подождите,механик
"Постой на месте, механик, не трогай панель управления.",Подождите,механик
"инженер, стой спокойно, я закрою клапаны.",Подождите,инженер
"Стой на месте, механик, не открывай дверь.",Подождите,механик
"Подожди пару секунд, я закрою люк.",Подождите,помощник
"Оставайся у шлюза, Оливия, не заходи внутрь.",Подождите,помощник
"пилот, подожди подтверждения герметизации.",Подождите,капитан
"Жди подтверждения от капитана, электрик.",Подождите,инженер
"Не двигайся, Харпер, идёт продувка.",Подождите,помощник
"медик, стой спокойно, я закрою клапаны.",Подождите,врач
"Леон, не двигайся, пока не проверим отсек.",Подождите,помощник
"Иван, стой спокойно, идёт выравнивание давления.",Подождите,помощник
"Джек, оставайся в отсеке до моего сигнала.",Подождите,помощник
"Ожидай у двери, пока я осматриваю стенку.",Подождите,помощник
"Джек, стой на месте, пока я проверяю отсек.",Подождите,помощник
"пилот, не лезь пока, жди моего приказа.",Подождите,капитан
"Жди подтверждения от капитана, капитан.",Подождите,капитан
"медик, подожди подтверждения герметизации.",Подождите,врач
"Постой на месте, офицер, не трогай панель управления.",Подождите,офицер службы безопасности
"Оливия, не шевелись, уровень воды нестабилен.",Подождите,помощник
"Оставайся у шлюза, Джек, не заходи внутрь.",Подождите,помощник
"Леон, стой спокойно, идёт выравнивание давления.",Подождите,помощник
"Не шевелись, пилот, пока идёт диагностика.",Подождите,капитан
"Подожди, пока насос завершит цикл.",Подождите,помощник
"Жди, пока насос откачает воду.",Подождите,помощник
"Ричард, не двигайся, пока не проверим отсек.",Подождите,помощник
"офицер, подожди, давление ещё не стабилизировалось.",Подождите,офицер службы безопасности
"электрик, стой спокойно, я закрою клапаны.",Подождите,инженер
"механик, подожди, давление ещё не стабилизировалось.",Подождите,механик
"Жди подтверждения от капитана, инженер.",Подождите,инженер
"Харпер, не двигайся, пока не проверим отсек.",Подождите,помощник
"Не шевелись, медик, пока идёт диагностика.",Подождите,врач
"механик, стой спокойно, я закрою клапаны.",Подождите,механик
"Иван, подожди сигнала перед выходом.",Подождите,помощник
"Грейс, не шевелись, герметизация не завершена.",Подождите,помощник
"Харпер, не шевелись, уровень воды нестабилен.",Подождите,помощник
"Харпер, не шевелись, герметизация не завершена.",Подождите,помощник
"Леон, не шевелись, уровень воды нестабилен.",Подождите,помощник
"Постой у консоли, Иван, не нажимай ничего.",Подождите,помощник
"механик, жди команды, не двигайся пока.",Подождите,механик
"офицер, подожди подтверждения герметизации.",Подождите,офицер службы безопасности
"Постой у консоли, Оливия, не нажимай ничего.",Подождите,помощник
"Жди подтверждения от капитана, офицер.",Подождите,офицер службы безопасности
"Иван, не двигайся, жди когда я дам сигнал.",Подождите,помощник
"Жди, пока датчики покажут стабильность.",Подождите,помощник
"Оставайся у шлюза, Митчел, не заходи внутрь.",Подождите,помощник
"Оставайся на месте, Свен, шлюз ещё закрыт.",Подождите,помощник
"медик, стой спокойно, пока я осматриваю систему.",Подождите,врач
"Свен, не шевелись, уровень воды нестабилен.",Подождите,помощник
"Оставайся у шлюза, Ричард, не заходи внутрь.",Подождите,помощник
"Оставайся на месте, Леон, шлюз ещё закрыт.",Подождите,помощник
"Оставайся на месте, Митчел, шлюз ещё закрыт.",Подождите,помощник
"Не двигайся, Джек, идёт продувка.",Подождите,помощник
"инженер, не лезь пока, жди моего приказа.",Подождите,инженер
"Свен, не двигайся, пока не проверим отсек.",Подождите,помощник
"Свен, не шевелись, герметизация не завершена.",Подождите,помощник
"электрик, стой спокойно, пока я осматриваю систему.",Подождите,инженер
"Оливия, не шевелись, герметизация не завершена.",Подождите,помощник
"Постой у консоли, Ричард, не нажимай ничего.",Подождите,помощник
"Жди возле двери, не трогай замки.",Подождите,помощник
"Не двигайся, Леон, идёт продувка.",Подождите,помощник
"Митчел, не шевелись, уровень воды нестабилен.",Подождите,помощник
"Не двигайся, Грейс, идёт продувка.",Подождите,помощник
"Харпер, подожди сигнала перед выходом.",Подождите,помощник
"инженер, замри, пока не откроется дверь.",Подождите,инженер
"инженер, подожди, давление ещё не стабилизировалось.",Подождите,инженер
"Подожди немного, давление ещё растёт.",Подождите,помощник
"Жди, пока шлюз не продуется полностью.",Подождите,помощник
"Ричард, оставайся в отсеке до моего сигнала.",Подождите,помощник
"электрик, замри, пока не откроется дверь.",Подождите,инженер
"офицер, жди команды, не двигайся пока.",Подождите,офицер службы безопасности
"Не двигайся, пока сигнал не сменится на зелёный.",Подождите,помощник
"Оливия, не двигайся, пока не проверим отсек.",Подождите,помощник
"Митчел, стой спокойно, идёт выравнивание давления.",Подождите,помощник
"Грейс, не двигайся, жди когда я дам сигнал.",Подождите,помощник
"инженер, подожди подтверждения герметизации.",Подождите,инженер
"инженер, жди команды, не двигайся пока.",Подождите,инженер
"Джек, не двигайся, пока не проверим отсек.",Подождите,помощник
"Свен, оставайся в отсеке до моего сигнала.",Подождите,помощник
"Митчел, не двигайся, пока не проверим отсек.",Подождите,помощник
"Жди подтверждения от капитана, пилот.",Подождите,капитан
"Не шевелись, инженер, пока идёт диагностика.",Подождите,инженер
"Леон, не двигайся, жди когда я дам сигнал.",Подождите,помощник
"Стой на месте, медик, не открывай дверь.",Подождите,врач
"Митчел, не двигайся, жди когда я дам сигнал.",Подождите,помощник
"капитан, замри, пока не откроется дверь.",Подождите,капитан
"пилот, замри, пока не откроется дверь.",Подождите,капитан
"Стой на месте, капитан, не открывай дверь.",Подождите,капитан
"Постой у консоли, Леон, не нажимай ничего.",Подождите,помощник
"Ричард, стой спокойно, идёт выравнивание давления.",Подождите,помощник
"Подожди немного, я открою шлюз позже.",Подождите,помощник
"Стой на месте, офицер, не открывай дверь.",Подождите,офицер службы безопасности
"Джек, подожди сигнала перед выходом.",Подождите,помощник
"Грейс, не шевелись, уровень воды нестабилен.",Подождите,помощник
"Подожди немного, офицер, там может быть утечка.",Подождите,офицер службы безопасности
"Иван, оставайся в отсеке до моего сигнала.",Подождите,помощник
"Грейс, не двигайся, пока не проверим отсек.",Подождите,помощник
"пилот, жди команды, не двигайся пока.",Подождите,капитан
"Оставайся у шлюза, Грейс, не заходи внутрь.",Подождите,помощник
"офицер, стой спокойно, я закрою клапаны.",Подождите,офицер службы безопасности
"Джек, не шевелись, уровень воды нестабилен.",Подождите,помощник
"Оливия, подожди сигнала перед выходом.",Подождите,помощник
"Грейс, оставайся в отсеке до моего сигнала.",Подождите,помощник
"капитан, подожди, давление ещё не стабилизировалось.",Подождите,капитан
"Оставайся у шлюза, Свен, не заходи внутрь.",Подождите,помощник
"Иван, стой на месте, пока я проверяю отсек.",Подождите,помощник
"электрик, не лезь пока, жди моего приказа.",Подождите,инженер
"Грейс, стой спокойно, идёт выравнивание давления.",Подождите,помощник
"медик, жди команды, не двигайся пока.",Подождите,врач
"Митчел, оставайся в отсеке до моего сигнала.",Подождите,помощник
"Иван, не шевелись, герметизация не завершена.",Подождите,помощник
"Не двигайся, Оливия, идёт продувка.",Подождите,помощник
"Иван, не двигайся, пока не проверим отсек.",Подождите,помощник
"Не двигайся, Иван, идёт продувка.",Подождите,помощник
"Не шевелись, электрик, пока идёт диагностика.",Подождите,инженер
"Оставайся на месте, Ричард, шлюз ещё закрыт.",Подождите,помощник
"Митчел, стой на месте, пока я проверяю отсек.",Подождите,помощник
"медик, не лезь пока, жди моего приказа.",Подождите,врач
"Постой немного, я проверю уровень воды.",Подождите,помощник
"Леон, не шевелись, герметизация не завершена.",Подождите,помощник
"инженер, стой спокойно, пока я осматриваю систему.",Подождите,инженер
"Джек, не шевелись, герметизация не завершена.",Подождите,помощник
"Подожди немного, пилот, там может быть утечка.",Подождите,капитан
"Не двигайся, Свен, идёт продувка.",Подождите,помощник
"пилот, подожди, давление ещё не стабилизировалось.",Подождите,капитан
"Стой на месте, инженер, не открывай дверь.",Подождите,инженер
"Митчел, не шевелись, герметизация не завершена.",Подождите,помощник
"Харпер, стой спокойно, идёт выравнивание давления.",Подождите,помощник
"Ричард, стой на месте, пока я проверяю отсек.",Подождите,помощник
"Оставайся у шлюза, Леон, не заходи внутрь.",Подождите,помощник
"пилот, стой спокойно, я закрою клапаны.",Подождите,капитан
"медик, подожди, давление ещё не стабилизировалось.",Подождите,врач
"офицер, замри, пока не откроется дверь.",Подождите,офицер службы безопасности
"Ожидай у шлюза, не двигайся.",Подождите,помощник
"Подожди немного, инженер, там может быть утечка.",Подождите,инженер
"капитан, подожди подтверждения герметизации.",Подождите,капитан
"Свен, стой спокойно, идёт выравнивание давления.",Подождите,помощник
"Оставайся у шлюза, Харпер, не заходи внутрь.",Подождите,помощник
"Не двигайся, Ричард, идёт продувка.",Подождите,помощник
"Оставайся на месте, Харпер, шлюз ещё закрыт.",Подождите,помощник
"медик, замри, пока не откроется дверь.",Подождите,врач
"пилот, стой спокойно, пока я осматриваю систему.",Подождите,капитан
"Подожди немного, электрик, там может быть утечка.",Подождите,инженер
"Оливия, не двигайся, жди когда я дам сигнал.",Подождите,помощник
"Леон, стой на месте, пока я проверяю отсек.",Подождите,помощник
"капитан, стой спокойно, пока я осматриваю систему.",Подождите,капитан
"Грейс, стой на месте, пока я проверяю отсек.",Подождите,помощник
"Стой на месте, пилот, не открывай дверь.",Подождите,капитан
"электрик, подожди подтверждения герметизации.",Подождите,инженер
"Стой на месте, электрик, не открывай дверь.",Подождите,инженер
"капитан, не лезь пока, жди моего приказа.",Подождите,капитан
"электрик, жди команды, не двигайся пока.",Подождите,инженер
"Постой у консоли, Митчел, не нажимай ничего.",Подождите,помощник
"офицер, не лезь пока, жди моего приказа.",Подождите,офицер службы безопасности
"Постой на месте, инженер, не трогай панель управления.",Подождите,инженер
"Джек, стой спокойно, идёт выравнивание давления.",Подождите,помощник
"электрик, подожди, давление ещё не стабилизировалось.",Подождите,инженер
"Постой у консоли, Джек, не нажимай ничего.",Подождите,помощник
"Оставайся на месте, Иван, шлюз ещё закрыт.",Подождите,помощник
"Постой на месте, электрик, не трогай панель управления.",Подождите,инженер
"Грейс, подожди сигнала перед выходом.",Подождите,помощник
"Задержись у панели, я проверяю питание.",Подождите,помощник
"Жди подтверждения от капитана, механик.",Подождите,механик
"Леон, оставайся в отсеке до моего сигнала.",Подождите,помощник
"Оставайся на месте, Грейс, шлюз ещё закрыт.",Подождите,помощник
"Не двигайся, Митчел, идёт продувка.",Подождите,помощник
"Харпер, оставайся в отсеке до моего сигнала.",Подождите,помощник
"Не шевелись, офицер, пока идёт диагностика.",Подождите,офицер службы безопасности
"Постой, пока я не скажу идти дальше.",Подождите,помощник
"Подожди немного, капитан, там может быть утечка.",Подождите,капитан
"Постой на месте, пилот, не трогай панель управления.",Подождите,капитан
"Жди подтверждения от капитана, медик.",Подождите,врач
"Харпер, не двигайся, жди когда я дам сигнал.",Подождите,помощник
"капитан, стой спокойно, я закрою клапаны.",Подождите,капитан
"офицер, стой спокойно, пока я осматриваю систему.",Подождите,офицер службы безопасности
"Постой у консоли, Грейс, не нажимай ничего.",Подождите,помощник
"Оливия, оставайся в отсеке до моего сигнала.",Подождите,помощник
"Подожди немного, механик, там может быть утечка.",Подождите,механик
"Харпер, стой на месте, пока я проверяю отсек.",Подождите,помощник
"Не двигайся, идёт проверка систем.",Подождите,помощник
"Не шевелись, капитан, пока идёт диагностика.",Подождите,капитан
"Митчел, подожди сигнала перед выходом.",Подождите,помощник
"Оставайся у шлюза, Иван, не заходи внутрь.",Подождите,помощник
"Джек, не двигайся, жди когда я дам сигнал.",Подождите,помощник
"Ричард, подожди сигнала перед выходом.",Подождите,помощник
"Постой на месте, медик, не трогай панель управления.",Подождите,врач
"Оставайся на месте, пока я не проверю отсек.",Подождите,помощник
"Свен, не двигайся, жди когда я дам сигнал.",Подождите,помощник
"механик, замри, пока не откроется дверь.",Подождите,механик
"механик, не лезь пока, жди моего приказа.",Подождите,механик
"Ричард, не двигайся, жди когда я дам сигнал.",Подождите,помощник
"Ричард, не шевелись, герметизация не завершена.",Подождите,помощник
"капитан, жди команды, не двигайся пока.",Подождите,капитан
"механик, подожди подтверждения герметизации.",Подождите,механик
"Подожди немного, медик, там может быть утечка.",Подождите,врач
"Ричард, не шевелись, уровень воды нестабилен.",Подождите,помощник
"Постой у консоли, Харпер, не нажимай ничего.",Подождите,помощник
"Оливия, стой на месте, пока я проверяю отсек.",Подождите,помощник
"Леон, подожди сигнала перед выходом.",Подождите,помощник
"Постой на месте, капитан, не трогай панель управления.",Подождите,капитан
"Механик, залатай пробоину в корпусе возле реактора!",Устранить утечки,механик
Вода поступает в балластную цистерну через трещину!,Устранить утечки,механик
"Капитан, в капитанском мостике течет иллюминатор!",Устранить утечки,капитан
"Инженер, нужна сварка в машинном отделении - течь в трубах!",Устранить утечки,инженер
"Джексон, проверь аккумуляторный отсек на течи!",Устранить утечки,помощник
"Врач, в медицинском бачке появилась трещина!",Устранить утечки,врач
"Миллер, принеси паяльник в шлюзовую камеру!",Устранить утечки,помощник
"Офицер безопасности, в арсенале пробоина в стене!",Устранить утечки,офицер службы безопасности
Разгерметизация в шлюзе - поврежден дверной механизм!,Устранить утечки,механик
"Вильсон, завари трещину в топливной магистрали реактора!",Устранить утечки,инженер
Вода поступает через вентиляционную систему кубрика!,Устранить утечки,механик
"Инженер, залатай дыру в системе охлаждения реактора!",Устранить утечки,инженер
"Браун, в отсеке с суперкапacиторами течет через потолок!",Устранить утечки,помощник
"Капитан, требуется сварка в навигационной рубке!",Устранить утечки,капитан
"Дэвис, в медицинском шкафу лопнул сварной шов!",Устранить утечки,помощник
"Помощник, залатай пробоину в коридоре у кислородного генератора!",Устранить утечки,помощник
"Офицер, в оружейном сейфе вода через стенную панель!",Устранить утечки,офицер службы безопасности
Разгерметизация в отсеке с кислородными баллонами!,Устранить утечки,механик
"Андерсон, завари дыру возле сонарной станции!",Устранить утечки,инженер
Вода хлещет из трубы охлаждения в машинном отделении!,Устранить утечки,механик
"Инженер, трещина в переборке реакторного отсека!",Устранить утечки,инженер
"Капитан, в каюте капитана течет через пол!",Устранить утечки,капитан
"Томпсон, в медицинской камере хранения поступает вода!",Устранить утечки,помощник
"Мартин, принеси инструменты для заделки течи в балласте!",Устранить утечки,помощник
"Офицер безопасности, проверь все шлюзы на утечки!",Устранить утечки,офицер службы безопасности
Разгерметизация в системе вентиляции машинного отделения!,Устранить утечки,механик
"Гарсия, залатай пробоину возле гребных винтов!",Устранить утечки,инженер
Вода сочится через потолок в кают-компании!,Устранить утечки,механик
"Инженер, завари трещину в балластной системе!",Устранить утечки,инженер
"Родригес, в радиорубке течь через коммуникационную панель!",Устранить утечки,помощник
"Врач, в холодильнике с медикаментами разгерметизация!",Устранить утечки,врач
"Помощник, залатай дыру в жилом отсеке у душевых!",Устранить утечки,помощник
"Ли, в камере заключения вода через решетку вентиляции!",Устранить утечки,офицер службы безопасности
Разгерметизация в отсеке с запасными деталями!,Устранить утечки,механик
"Механик, завари пробоину в системе фильтрации воды!",Устранить утечки,механик
Вода поступает через треснувшую трубу в электрощитовой!,Устранить утечки,механик
"Инженер, залатай течь в охлаждении реактора!",Устранить утечки,инженер
"Капитан, в сейфе капитана появилась трещина в стене!",Устранить утечки,капитан
"Врач, в лабораторном столе течет через вентиляцию!",Устранить утечки,врач
"Уокер, принеси заплатки для корпуса в носовой части!",Устранить утечки,помощник
"Офицер безопасности, завари дыру в оружейном складе!",Устранить утечки,офицер службы безопасности
Разгерметизация в системе кондиционирования мостика!,Устранить утечки,механик
"Холл, залатай трещину возле гидравлики шлюза!",Устранить утечки,инженер
Вода бьет из-под панели управления в машинном отделении!,Устранить утечки,механик
"Инженер, завари пробоину в распределительном щите!",Устранить утечки,инженер
"Капитан, в каюте капитана течет через потолок!",Устранить утечки,капитан
"Янг, в стерилизаторе разгерметизация пола!",Устранить утечки,помощник
"Помощник, залатай течь в грузовом отсеке у контейнеров!",Устранить утечки,помощник
"Офицер, в посту охраны вода через стену!",Устранить утечки,офицер службы безопасности
Разгерметизация в отсеке с пищевыми запасами!,Устранить утечки,механик
"Кинг, завари дыру в системе отопления кубрика!",Устранить утечки,инженер
Вода поступает через поврежденный клапан в реакторном отсеке!,Устранить утечки,механик
"Инженер, залатай трещину в переборке аккумуляторной!",Устранить утечки,инженер
"Райт, в коммуникационной рубке течь через панель!",Устранить утечки,помощник
"Врач, в морозильной камере разгерметизация стены!",Устранить утечки,врач
"Скотт, принеси сварку в носовой отсек к сонару!",Устранить утечки,помощник
"Офицер безопасности, проверь все шлюзы на течи!",Устранить утечки,офицер службы безопасности
Разгерметизация в системе водоснабжения камбуза!,Устранить утечки,механик
"Грин, залатай пробоину возле радарной станции!",Устранить утечки,инженер
Вода сочится через пол в каюте экипажа!,Устранить утечки,механик
"Инженер, завари трещину в балластной цистерне номер 2!",Устранить утечки,инженер
"Адамс, в кабинете капитана течет через стену!",Устранить утечки,помощник
"Врач, в аптечном шкафу вода через потолочную плитку!",Устранить утечки,врач
"Бейкер, залатай дыру в техническом тоннеле у проводки!",Устранить утечки,помощник
"Нельсон, в оружейной разгерметизация через пол!",Устранить утечки,офицер службы безопасности
Разгерметизация в отсеке с запасным оборудованием!,Устранить утечки,механик
"Картер, завари пробоину в системе вентиляции!",Устранить утечки,инженер
Вода хлещет из трубы охлаждения реактора!,Устранить утечки,механик
"Митчелл, залатай течь в переборке машинного отделения!",Устранить утечки,инженер
"Перес, в наблюдательном посту треснуло стекло!",Устранить утечки,помощник
"Врач, в изоляционной камере течет через решетку!",Устранить утечки,врач
"Робертс, принеси инструменты для сварки в кормовой отсек!",Устранить утечки,помощник
"Тёрнер, завари дыру в коридоре у поста охраны!",Устранить утечки,инженер
Разгерметизация в канализационной системе душевой!,Устранить утечки,механик
"Филиппс, залатай трещину возле сонарного оборудования!",Устранить утечки,инженер
Вода поступает через потолок в спортзале!,Устранить утечки,механик
"Кэмпбелл, завари пробоину в навигационной электронике!",Устранить утечки,инженер
"Паркер, в столовой капитана течь через пол!",Устранить утечки,помощник
"Эванс, в палате пациентов разгерметизация стены!",Устранить утечки,врач
"Помощник, залатай течь в системе кондиционирования!",Устранить утечки,помощник
"Эдвардс, в арсенале вода через потолочную панель!",Устранить утечки,офицер службы безопасности
Разгерметизация в отсеке с аварийным снаряжением!,Устранить утечки,механик
"Коллинз, завари дыру в корпусе под килем!",Устранить утечки,инженер
Вода бьет из поврежденной трубы в реакторном отсеке!,Устранить утечки,механик
"Стюарт, залатай трещину в системе водяных фильтров!",Устранить утечки,инженер
"Моррис, в рубке управления течет через окно!",Устранить утечки,механик
"Врач, в лабораторном холодильнике разгерметизация!",Устранить утечки,врач
"Роджерс, принеси материалы для заделки течи в балласте!",Устранить утечки,помощник
"Рид, проверь все вентиляционные шахты на утечки!",Устранить утечки,помощник
"Кук, залатай пробоину возле дизельного генератора!",Устранить утечки,инженер
Вода поступает через трещину в корпусе грузового отсека!,Устранить утечки,механик
"Морган, завари течь в системе гидравлики!",Устранить утечки,инженер
"Белл, в каюте старпомa течет через потолок!",Устранить утечки,помощник
"Мерфи, в медицинском хранилище разгерметизация!",Устранить утечки,врач
"Бейли, залатай дыру у пульта управления реактором!",Устранить утечки,помощник
"Ривера, в оружейном сейфе вода через пол!",Устранить утечки,офицер службы безопасности
Разгерметизация в отсеке с запасными батареями!,Устранить утечки,механик
"Кокс, завари пробоину в системе вентиляции камбуза!",Устранить утечки,инженер
"Ховард, вода хлещет из трубы в аккумуляторном отсеке!",Устранить утечки,механик
"Уорд, залатай трещину в переборке у шлюза 2!",Устранить утечки,инженер
"Торрес, в радиорубке течь через коммуникационный щит!",Устранить утечки,помощник
"Питерсон, в холодильнике с реагентами разгерметизация!",Устранить утечки,помощник
"Грей, залатай дыру в жилом отсеке у вентиляции!",Устранить утечки,помощник
"Рамирес, в камере хранения оружия вода через стену!",Устранить утечки,офицер службы безопасности
"Джеймс, разгерметизация в отсеке с инструментами!",Устранить утечки,помощник
"Уотсон, завари пробоину в системе охлаждения!",Устранить утечки,инженер
"Брукс, вода поступает через поврежденный клапан!",Устранить утечки,механик
"Келли, залатай течь в балластной системе номер 3!",Устранить утечки,инженер
"Сандерс, в каюте механика течет через пол!",Устранить утечки,помощник
"Прайс, в медицинской тумбе разгерметизация!",Устранить утечки,помощник
"Беннетт, принеси сварку к навигационному оборудованию!",Устранить утечки,помощник
"Вуд, завари дыру в коридоре у кислородного генератора!",Устранить утечки,инженер
Разгерметизация в системе кондиционирования!,Устранить утечки,механик
"Барнс, залатай трещину возле гидравлики!",Устранить утечки,инженер
"Росс, вода бьет из-под панели в электрощитовой!",Устранить утечки,механик
"Хендерсон, завари пробоину в распределительном щите!",Устранить утечки,инженер
"Коулман, в каюте инженера течет через потолок!",Устранить утечки,помощник
"Дженкинс, в холодильнике с образцами разгерметизация!",Устранить утечки,помощник
"Перри, залатай течь в грузовом отсеке у ящиков!",Устранить утечки,помощник
"Пауэлл, в посту безопасности вода через стену!",Устранить утечки,офицер службы безопасности
Разгерметизация в отсеке с запасными деталями!,Устранить утечки,механик
"Лонг, завари дыру в системе отопления!",Устранить утечки,инженер
"Паттерсон, вода поступает через поврежденный вентиль!",Устранить утечки,механик
"Хьюз, залатай трещину в переборке машинного отделения!",Устранить утечки,инженер
"Флорес, в коммуникационном центре течь через панель!",Устранить утечки,помощник
"Вашингтон, в морозильной камере разгерметизация!",Устранить утечки,помощник
"Батлер, принеси сварку в кормовой отсек к двигателям!",Устранить утечки,помощник
"Симмонс, проверь все технические тоннели на течи!",Устранить утечки,помощник
Разгерметизация в системе водоснабжения!,Устранить утечки,механик
"Фостер, залатай пробоину возле радарного оборудования!",Устранить утечки,инженер
"Гонсалес, вода сочится через пол в каюте помощника!",Устранить утечки,помощник
"Брайант, завари трещину в балластной цистерне 1!",Устранить утечки,инженер
"Александр, в кабинете штурмана течет через стену!",Устранить утечки,помощник
"Рассел, в аптечном шкафу вода через потолок!",Устранить утечки,помощник
"Гриффин, залатай дыру в техническом отсеке!",Устранить утечки,помощник
"Диаз, в оружейной разгерметизация через пол!",Устранить утечки,офицер службы безопасности
Разгерметизация в отсеке с аварийным снаряжением!,Устранить утечки,механик
"Хейс, завари пробоину в системе вентиляции!",Устранить утечки,инженер
"Майерс, вода хлещет из трубы в реакторном отсеке!",Устранить утечки,механик
"Форд, залатай течь в переборке аккумуляторной!",Устранить утечки,инженер
"Хамильтон, в наблюдательном посту треснуло стекло!",Устранить утечки,помощник
"Грэхем, в изоляторе течет через решетку вентиляции!",Устранить утечки,помощник
"Салливан, принеси инструменты для сварки в носовую часть!",Устранить утечки,помощник
"Уоллес, завари дыру в коридоре у медицинского отсека!",Устранить утечки,инженер
Разгерметизация в канализационной системе!,Устранить утечки,механик
"Вудс, залатай трещину возле сонарного оборудования!",Устранить утечки,инженер
"Коул, вода поступает через потолок в спортзале!",Устранить утечки,механик
"Уэст, завари пробоину в навигационной системе!",Устранить утечки,инженер
"Джордан, в столовой экипажа течь через пол!",Устранить утечки,помощник
"Оуэнс, в палате пациентов разгерметизация стены!",Устранить утечки,врач
"Рейнольдс, залатай течь в системе кондиционирования!",Устранить утечки,инженер
"Фишер, в арсенале вода через потолочную панель!",Устранить утечки,офицер службы безопасности
Разгерметизация в отсеке с запасными частями!,Устранить утечки,механик
"Эллис, завари дыру в корпусе у киля!",Устранить утечки,инженер
"Харрисон, вода бьет из поврежденной трубы!",Устранить утечки,механик
"Гибсон, залатай трещину в системе фильтров!",Устранить утечки,инженер
"Макдональд, в рубке управления течет через окно!",Устранить утечки,механик
"Круз, в лабораторном столе разгерметизация!",Устранить утечки,помощник
"Маршалл, принеси материалы для заделки течи!",Устранить утечки,помощник
"Ортис, проверь все шлюзовые камеры на утечки!",Устранить утечки,помощник
Разгерметизация в системе вентиляции!,Устранить утечки,механик
"Гомес, залатай пробоину возле гребных винтов!",Устранить утечки,инженер
"Мюррей, вода поступает через трещину в корпусе!",Устранить утечки,механик
"Фриман, завари течь в системе гидравлики!",Устранить утечки,инженер
"Уэллс, в каюте офицера течет через потолок!",Устранить утечки,помощник
"Вебб, в медицинском шкафу разгерметизация!",Устранить утечки,врач
"Симпсон, залатай дыру у пульта управления!",Устранить утечки,помощник
"Стивенс, в оружейном сейфе вода через пол!",Устранить утечки,офицер службы безопасности
"Такер, разгерметизация в отсеке с батареями!",Устранить утечки,механик
"Портер, завари пробоину в системе вентиляции!",Устранить утечки,инженер
"Хантер, вода хлещет из трубы в машинном отделении!",Устранить утечки,механик
"Хикс, залатай трещину в переборке у шлюза!",Устранить утечки,инженер
"Кроуфорд, в радиорубке течь через панель!",Устранить утечки,помощник
"Генри, в холодильнике с реагентами разгерметизация!",Устранить утечки,помощник
"Бойд, залатай дыру в жилом отсеке!",Устранить утечки,помощник
"Мэйсон, в камере хранения оружия вода через стену!",Устранить утечки,офицер службы безопасности
"Моралес, разгерметизация в отсеке с инструментами!",Устранить утечки,помощник
"Кеннеди, завари пробоину в системе охлаждения!",Устранить утечки,инженер
"Уоррен, вода поступает через поврежденный клапан!",Устранить утечки,механик
"Диксон, залатай течь в балластной системе!",Устранить утечки,инженер
"Рамос, в каюте техника течет через пол!",Устранить утечки,помощник
"Рейес, в медицинской тумбе разгерметизация!",Устранить утечки,помощник
"Бернс, принеси сварку к навигационному оборудованию!",Устранить утечки,помощник
"Гордон, завари дыру в коридоре у генератора!",Устранить утечки,инженер
Разгерметизация в системе кондиционирования!,Устранить утечки,механик
"Шоу, залатай трещину возле гидравлики!",Устранить утечки,инженер
"Холмс, вода бьет из-под панели в щитовой!",Устранить утечки,механик
"Рис, завари пробоину в распределительном щите!",Устранить утечки,инженер
"Робертсон, в каюте электрика течет через потолок!",Устранить утечки,помощник
"Хант, в холодильнике с образцами разгерметизация!",Устранить утечки,помощник
"Блэк, залатай течь в грузовом отсеке!",Устранить утечки,помощник
"Дэниелс, в посту охраны вода через стену!",Устранить утечки,офицер службы безопасности
"Палмер, разгерметизация в отсеке с запчастями!",Устранить утечки,механик
"Миллс, завари дыру в системе отопления!",Устранить утечки,инженер
"Николс, вода поступает через поврежденный вентиль!",Устранить утечки,механик
"Грант, залатай трещину в переборке машотсека!",Устранить утечки,инженер
"Найт, в коммуникационном центре течь через панель!",Устранить утечки,помощник
"Фергюсон, в морозильной камере разгерметизация!",Устранить утечки,помощник
"Роуз, принеси сварку в кормовой отсек!",Устранить утечки,помощник
"Стоун, проверь все технические тоннели на течи!",Устранить утечки,помощник
"Механик, убери пустые топливные стержни из реакторного отсека!",Очистить элементы,механик
"Инженер, собери разбросанные инструменты у станка!",Очистить элементы,инженер
Кто оставил пустые банки от еды в коридоре? Уберите!,Очистить элементы,помощник
"Врач, прибери использованные шприцы и бинты!",Очистить элементы,врач
"Офицер, в арсенале валяются пустые обоймы - собери!",Очистить элементы,офицер службы безопасности
"Помощник, убери водоросли из балластных цистерн!",Очистить элементы,помощник
В шлюзовой камере плавает мусор после погружения!,Очистить элементы,помощник
Собрать разлитое топливо у заправочной станции!,Очистить элементы,помощник
Кто-то разбросал детали у fabricator - убери!,Очистить элементы,инженер
В медицинском отсеке валяются пустые упаковки медикаментов!,Очистить элементы,врач
Убрать пустые кислородные баллоны из хранилища!,Очистить элементы,помощник
В жилом отсеке повсюду разбросана одежда!,Очистить элементы,помощник
Собрать сломанные детали после ремонта реактора!,Очистить элементы,инженер
В камбузе гора грязной посуды - нужно вымыть!,Очистить элементы,помощник
Убрать пустые патронные коробки из оружейной!,Очистить элементы,офицер службы безопасности
В коридоре плавают обломки после столкновения!,Очистить элементы,помощник
Прибрать разлитые химикаты у research station!,Очистить элементы,инженер
Собрать пустые батарейки у дефибриллятора!,Очистить элементы,врач
Убрать мусор из фильтров системы вентиляции!,Очистить элементы,механик
В грузовом отсеке разорвался ящик с припасами!,Очистить элементы,помощник
Собрать сломанные лампочки после короткого замыкания!,Очистить элементы,инженер
Убрать пустые канистры из отсека с топливом!,Очистить элементы,механик
Прибрать медицинские отходы после операции!,Очистить элементы,врач
В аккумуляторном отсеке валяются старые провода!,Очистить элементы,инженер
Собрать разбросанные патроны в тире!,Очистить элементы,офицер службы безопасности
Убрать пустые упаковки от еды из холодильника!,Очистить элементы,помощник
В машинном отделении разлито масло - вытереть!,Очистить элементы,механик
Прибрать использованные батареи у фонарей!,Очистить элементы,помощник
Собрать битое стекло от разбитого монитора!,Очистить элементы,инженер
Убрать пустые баллончики от спрея из аптечки!,Очистить элементы,врач
В научной лаборатории разлиты реагенты!,Очистить элементы,инженер
Собрать старые картриджи от противогазов!,Очистить элементы,помощник
Убрать мусор из дренажной системы!,Очистить элементы,механик
Прибрать пустые упаковки от патронов!,Очистить элементы,офицер службы безопасности
В каюте капитана разбросаны документы!,Очистить элементы,капитан
Собрать использованные медикаменты у койки!,Очистить элементы,врач
Убрать пустые бутылки из бара!,Очистить элементы,помощник
В отсеке с батареями валяются старые аккумуляторы!,Очистить элементы,инженер
Прибрать разлитое топливо у двигателя!,Очистить элементы,механик
Собрать сломанные детали у деconstructor!,Очистить элементы,инженер
Убрать пустые контейнеры из хранилища!,Очистить элементы,помощник
В операционной использованные перчатки и маски!,Очистить элементы,врач
Собрать старые провода у электрощита!,Очистить элементы,инженер
Убрать мусор из системы фильтрации воды!,Очистить элементы,механик
Прибрать пустые упаковки от инструментов!,Очистить элементы,инженер
В трюме плавают обломки после атаки!,Очистить элементы,помощник
Собрать разбросанные детали у upgrade station!,Очистить элементы,инженер
Убрать использованные батареи у сонара!,Очистить элементы,инженер
В медпункте валяются пустые упаковки пластырей!,Очистить элементы,врач
Прибрать разлитые химикаты у medical fabricator!,Очистить элементы,врач
Собрать пустые баллончики от гормонов!,Очистить элементы,врач
Убрать мусор из системы охлаждения!,Очистить элементы,механик
В арсенале разбросаны пустые магазины!,Очистить элементы,офицер службы безопасности
Прибрать использованные шприцы от морфина!,Очистить элементы,врач
Собрать старые фильтры от противогазов!,Очистить элементы,помощник
Убрать пустые упаковки от еды из раздатчика!,Очистить элементы,помощник
В грузовом отсеке разлито масло - вытереть!,Очистить элементы,помощник
Прибрать использованные батареи у фонариков!,Очистить элементы,помощник
Собрать битое стекло от разбитого иллюминатора!,Очистить элементы,инженер
Убрать пустые баллоны от кислородного генератора!,Очистить элементы,механик
В научном отсеке разлиты образцы - убрать!,Очистить элементы,инженер
Собрать старые картриджи от дыхательных аппаратов!,Очистить элементы,помощник
Убрать мусор из системы вентиляции!,Очистить элементы,механик
Прибрать пустые упаковки от патронов в тире!,Очистить элементы,офицер службы безопасности
В каюте механика разбросаны инструменты!,Очистить элементы,механик
Собрать использованные медикаменты у медпункта!,Очистить элементы,врач
Убрать пустые бутылки из кают-компании!,Очистить элементы,помощник
В отсеке с реактором валяются старые детали!,Очистить элементы,механик
Прибрать разлитое топливо у заправочного насоса!,Очистить элементы,механик
Собрать сломанные компоненты у fabricator!,Очистить элементы,инженер
Убрать пустые контейнеры из холодильника!,Очистить элементы,помощник
В операционной использованные бинты и вата!,Очистить элементы,врач
Собрать старые кабели у распределительного щита!,Очистить элементы,инженер
Убрать мусор из фильтров балластной системы!,Очистить элементы,механик
Прибрать пустые упаковки от деталей!,Очистить элементы,инженер
В трюме плавают обломки механизмов!,Очистить элементы,помощник
Собрать разбросанные компоненты у research station!,Очистить элементы,инженер
Убрать использованные батареи у радара!,Очистить элементы,инженер
В медотсеке валяются пустые упаковки антибиотиков!,Очистить элементы,врач
Прибрать разлитые реактивы у химического стола!,Очистить элементы,инженер
Собрать пустые ампулы от адреналина!,Очистить элементы,врач
Убрать мусор из системы кондиционирования!,Очистить элементы,механик
В оружейной разбросаны пустые гильзы!,Очистить элементы,офицер службы безопасности
Прибрать использованные шприцы от антипаразита!,Очистить элементы,врач
Собрать старые фильтры от дыхательных масок!,Очистить элементы,помощник
Убрать пустые упаковки от еды из камбуза!,Очистить элементы,помощник
В машинном отделении разлит электролит - убрать!,Очистить элементы,механик
Прибрать использованные батареи у навигации!,Очистить элементы,инженер
Собрать битое стекло от разбитых приборов!,Очистить элементы,инженер
Убрать пустые баллоны от сварки!,Очистить элементы,инженер
В лаборатории разлиты образцы крови - очистить!,Очистить элементы,врач
Собрать старые картриджи от респираторов!,Очистить элементы,помощник
Убрать мусор из дренажных помп!,Очистить элементы,механик
Прибрать пустые упаковки от взрывчатки!,Очистить элементы,офицер службы безопасности
В каюте инженера разбросаны чертежи!,Очистить элементы,инженер
Собрать использованные перевязочные материалы!,Очистить элементы,врач
Убрать пустые банки из кают экипажа!,Очистить элементы,помощник
В отсеке с генераторами валяются старые фильтры!,Очистить элементы,механик
Прибрать разлитое масло у гидравлики!,Очистить элементы,механик
Собрать сломанные детали у медицинского сканера!,Очистить элементы,врач
Убрать пустые контейнеры от образцов!,Очистить элементы,инженер
В операционной использованные хирургические инструменты!,Очистить элементы,врач
Собрать старые предохранители у щитка!,Очистить элементы,инженер
Убрать мусор из системы рециркуляции воздуха!,Очистить элементы,механик
Прибрать пустые упаковки от компонентов!,Очистить элементы,инженер
В грузовом отсеке плавают обломки ящиков!,Очистить элементы,помощник
Собрать разбросанные детали у модернизатора!,Очистить элементы,инженер
Убрать использованные батареи у связи!,Очистить элементы,инженер
В аптечке валяются пустые упаковки пластырей!,Очистить элементы,врач
Прибрать разлитые растворы у медицинского стола!,Очистить элементы,врач
Собрать пустые флаконы от антибиотиков!,Очистить элементы,врач
Убрать мусор из системы отопления!,Очистить элементы,механик
В тире разбросаны пустые гильзы от дробовика!,Очистить элементы,офицер службы безопасности
Прибрать использованные шприцы от релаксанта!,Очистить элементы,врач
Собрать старые фильтры от системы очистки!,Очистить элементы,механик
Убрать пустые упаковки от консервов!,Очистить элементы,помощник
В реакторном отсеке разлит теплоноситель!,Очистить элементы,механик
Прибрать использованные батареи у сонара!,Очистить элементы,инженер
Собрать битое стекло от разбитых ламп!,Очистить элементы,инженер
Убрать пустые баллоны от огнетушителей!,Очистить элементы,помощник
В научном отсеке разлиты химикаты - убрать!,Очистить элементы,инженер
Собрать старые картриджи от дыхательных систем!,Очистить элементы,помощник
Убрать мусор из водяных фильтров!,Очистить элементы,механик
Прибрать пустые упаковки от патронов для револьвера!,Очистить элементы,офицер службы безопасности
В каюте штурмана разбросаны карты!,Очистить элементы,капитан
Собрать использованные бинты и марлю!,Очистить элементы,врач
Убрать пустые бутылки из кают-компании!,Очистить элементы,помощник
В отсеке с помпами валяются старые детали!,Очистить элементы,механик
Прибрать разлитое топливо у двигателей!,Очистить элементы,механик
Собрать сломанные компоненты у медицинского fabricator!,Очистить элементы,врач
Убрать пустые контейнеры от реактивов!,Очистить элементы,инженер
В операционной использованные перчатки и халаты!,Очистить элементы,врач
Собрать старые провода у контрольной панели!,Очистить элементы,инженер
Убрать мусор из системы вентиляции камбуза!,Очистить элементы,механик
Прибрать пустые упаковки от электроники!,Очистить элементы,инженер
В трюме плавают обломки оборудования!,Очистить элементы,помощник
Собрать разбросанные детали у research bench!,Очистить элементы,инженер
Убрать использованные батареи у навигационного компьютера!,Очистить элементы,инженер
В медпункте валяются пустые упаковки болеутоляющих!,Очистить элементы,врач
Прибрать разлитые растворы у химической станции!,Очистить элементы,инженер
Собрать пустые ампулы от стабилизатора!,Очистить элементы,врач
Убрать мусор из фильтров кондиционера!,Очистить элементы,механик
В арсенале разбросаны пустые обоймы от автомата!,Очистить элементы,офицер службы безопасности
Прибрать использованные шприцы от транквилизатора!,Очистить элементы,врач
Собрать старые фильтры от системы регенерации!,Очистить элементы,механик
Убрать пустые упаковки от сухпайков!,Очистить элементы,помощник
В машинном отделении разлит антифриз!,Очистить элементы,механик
Прибрать использованные батареи у радара!,Очистить элементы,инженер
Собрать битое стекло от разбитых пробирок!,Очистить элементы,инженер
Убрать пустые баллоны от дыхательных аппаратов!,Очистить элементы,помощник
В лаборатории разлиты питательные среды!,Очистить элементы,инженер
Собрать старые картриджи от фильтров воды!,Очистить элементы,механик
Убрать мусор из дренажной системы душевых!,Очистить элементы,механик
Прибрать пустые упаковки от взрывчатых веществ!,Очистить элементы,офицер службы безопасности
В каюте электрика разбросаны схемы!,Очистить элементы,инженер
Собрать использованные перевязочные пакеты!,Очистить элементы,врач
Убрать пустые банки из кают офицеров!,Очистить элементы,помощник
В отсеке с батареями валяются старые аккумуляторы!,Очистить элементы,инженер
Прибрать разлитое масло у гидравлических систем!,Очистить элементы,механик
Собрать сломанные детали у дефибриллятора!,Очистить элементы,врач
Убрать пустые контейнеры от медицинских образцов!,Очистить элементы,врач
В операционной использованные хирургические маски!,Очистить элементы,врач
Собрать старые предохранители у электрощитовой!,Очистить элементы,инженер
Убрать мусор из системы очистки воздуха!,Очистить элементы,механик
Прибрать пустые упаковки от механических деталей!,Очистить элементы,инженер
В грузовом отсеке плавают обломки контейнеров!,Очистить элементы,помощник
Собрать разбросанные компоненты у upgrade bench!,Очистить элементы,инженер
Убрать использованные батареи у коммуникатора!,Очистить элементы,инженер
В аптечке валяются пустые упаковки жгутов!,Очистить элементы,врач
Прибрать разлитые реактивы у science station!,Очистить элементы,инженер
Собрать пустые флаконы от антирадиационных препаратов!,Очистить элементы,врач
Убрать мусор из системы охлаждения реактора!,Очистить элементы,механик
В тире разбросаны пустые гильзы от снайперской винтовки!,Очистить элементы,офицер службы безопасности
Прибрать использованные шприцы от противоядия!,Очистить элементы,врач
Собрать старые фильтры от системы вентиляции!,Очистить элементы,механик
Убрать пустые упаковки от пищевых концентратов!,Очистить элементы,помощник
В реакторном отсеке разлит тяжелая вода!,Очистить элементы,механик
Прибрать использованные батареи у эхолота!,Очистить элементы,инженер
Собрать битое стекло от разбитых мензурок!,Очистить элементы,инженер
Убрать пустые баллоны от сварочного оборудования!,Очистить элементы,инженер
В научном отсеке разлиты ферменты - очистить!,Очистить элементы,инженер
Собрать старые картриджи от дыхательных приборов!,Очистить элементы,помощник
Убрать мусор из водяных насосов!,Очистить элементы,механик
Прибрать пустые упаковки от патронов для ПП!,Очистить элементы,офицер службы безопасности
В каюте капитана разбросаны отчеты!,Очистить элементы,капитан
Собрать использованные медицинские перчатки!,Очистить элементы,врач
Убрать пустые бутылки из комнаты отдыха!,Очистить элементы,помощник
В отсеке с генераторами валяются отработанные фильтры!,Очистить элементы,механик
Прибрать разлитое топливо у топливных элементов!,Очистить элементы,механик
Собрать сломанные компоненты у медицинского оборудования!,Очистить элементы,врач
Убрать пустые контейнеры от биологических образцов!,Очистить элементы,врач
В операционной использованные салфетки и тампоны!,Очистить элементы,врач
Собрать старые кабели у пульта управления!,Очистить элементы,инженер
Убрать мусор из системы вентиляции машинного отделения!,Очистить элементы,механик
Прибрать пустые упаковки от электронных компонентов!,Очистить элементы,инженер
В трюме плавают обломки научного оборудования!,Очистить элементы,помощник
Собрать разбросанные детали у исследовательского стола!,Очистить элементы,инженер
Убрать использованные батареи у навигационных приборов!,Очистить элементы,инженер
В медпункте валяются пустые упаковки антисептиков!,Очистить элементы,врач
Прибрать разлитые химикаты у лабораторного стола!,Очистить элементы,инженер
"Механик, реактор перегревается - нужен ремонт!",Ремонт повреждённых систем,механик
"Инженер, кислородный генератор сломался!",Ремонт повреждённых систем,инженер
"Джексон, навигационный компьютер завис - перезагрузи!",Ремонт повреждённых систем,помощник
"Сонар не работает, проверь панель управления!",Ремонт повреждённых систем,инженер
"Врач, медицинский fabricator сломан!",Ремонт повреждённых систем,врач
"Офицер безопасности, система освещения в коридоре мигает!",Ремонт повреждённых систем,офицер службы безопасности
"Капитан, рулевое управление отвечает с задержкой!",Ремонт повреждённых систем,капитан
"Помощник, дизельный генератор заглох!",Ремонт повреждённых систем,помощник
Система вентиляции в машинном отделении не работает!,Ремонт повреждённых систем,механик
"Миллер, балластные помпы заклинило!",Ремонт повреждённых систем,помощник
"Вильсон, аккумуляторная батарея не заряжается!",Ремонт повреждённых систем,инженер
Радар показывает помехи - проверь антенну!,Ремонт повреждённых систем,инженер
"Браун, система охлаждения реактора теряет давление!",Ремонт повреждённых систем,инженер
"Дэвис, шлюзовая камера не герметизируется!",Ремонт повреждённых систем,механик
Система связи передает с искажениями!,Ремонт повреждённых систем,инженер
"Томпсон, гидравлика руля работает рывками!",Ремонт повреждённых систем,инженер
"Мартин, топливный насос реактора издает странные звуки!",Ремонт повреждённых систем,инженер
Система фильтрации воды засорилась!,Ремонт повреждённых систем,механик
"Гарсия, навигационные огли не горят!",Ремонт повреждённых систем,инженер
"Родригес, компьютер жизнеобеспечения показывает ошибки!",Ремонт повреждённых систем,инженер
Система пожаротушения в машинном отделении неактивна!,Ремонт повреждённых систем,механик
"Ли, эхолот выдает некорректные данные!",Ремонт повреждённых систем,инженер
"Андерсон, система рециркуляции воздуха в жилом отсеке сломана!",Ремонт повреждённых систем,механик
"Уокер, дверные механизмы в кормовом отсеке заедают!",Ремонт повреждённых систем,механик
Система кондиционирования в медпункте перегревается!,Ремонт повреждённых систем,механик
"Холл, генератор кислорода производит недостаточно O2!",Ремонт повреждённых систем,инженер
"Янг, панель управления двигателями не отвечает!",Ремонт повреждённых систем,инженер
"Кинг, система гидропоники в оранжерее не работает!",Ремонт повреждённых систем,инженер
Система аварийного освещения не включается!,Ремонт повреждённых систем,инженер
"Райт, помпы балластной системы работают на износ!",Ремонт повреждённых систем,механик
"Скотт, компьютер навигации постоянно перезагружается!",Ремонт повреждённых систем,инженер
"Грин, система связи с базой не устанавливает соединение!",Ремонт повреждённых систем,инженер
"Адамс, датчики давления в корпусе показывают сбои!",Ремонт повреждённых систем,инженер
"Бейкер, система вентиляции камбуза издает скрежет!",Ремонт повреждённых систем,механик
"Нельсон, аварийные клапаны реактора не срабатывают!",Ремонт повреждённых систем,инженер
"Картер, система оповещения работает прерывисто!",Ремонт повреждённых систем,инженер
"Митчелл, гидролокатор показывает ложные цели!",Ремонт повреждённых систем,инженер
"Перес, система очистки воды загрязнена!",Ремонт повреждённых систем,механик
"Робертс, двигатели вибрируют на высоких оборотах!",Ремонт повреждённых систем,механик
"Тёрнер, система стабилизации глубины сбоит!",Ремонт повреждённых систем,инженер
"Филиппс, медицинский сканер показывает ошибки калибровки!",Ремонт повреждённых систем,врач
"Кэмпбелл, система управления балластом не отвечает!",Ремонт повреждённых систем,инженер
"Паркер, компьютер тактической информации завис!",Ремонт повреждённых систем,инженер
"Эванс, система фильтрации воздуха в рубке засорена!",Ремонт повреждённых систем,механик
"Эдвардс, аварийный дизель-генератор не запускается!",Ремонт повреждённых систем,инженер
"Коллинз, система гидравлики шлюзов теряет давление!",Ремонт повреждённых систем,механик
"Стюарт, навигационные датчики показывают неверные координаты!",Ремонт повреждённых систем,инженер
"Моррис, система охлаждения аккумуляторов перегрета!",Ремонт повреждённых систем,инженер
"Роджерс, коммуникационная панель искрит при работе!",Ремонт повреждённых систем,инженер
"Рид, система управления освещением коротнула!",Ремонт повреждённых систем,инженер
"Кук, кислородные компрессоры работают с перебоями!",Ремонт повреждённых систем,инженер
"Морган, система стабилизации крена не функционирует!",Ремонт повреждённых систем,инженер
"Белл, медицинский холодильник не держит температуру!",Ремонт повреждённых систем,врач
"Мерфи, система аварийного затопления неактивна!",Ремонт повреждённых систем,механик
"Бейли, компьютер диагностики систем показывает сбои!",Ремонт повреждённых систем,инженер
"Ривера, система вентиляции грузового отсека забита!",Ремонт повреждённых систем,механик
"Кокс, гидравлика рулевых плоскостей протекает!",Ремонт повреждённых систем,механик
"Ховард, система регенерации кислорода требует ремонта!",Ремонт повреждённых систем,инженер
"Уорд, эхолот не определяет глубину!",Ремонт повреждённых систем,инженер
"Торрес, система управления энергопотреблением сбоит!",Ремонт повреждённых систем,инженер
"Питерсон, медицинский fabricator не производит медикаменты!",Ремонт повреждённых систем,врач
"Грей, система кондиционирования в оружейной перегрелась!",Ремонт повреждённых систем,механик
"Рамирес, аварийные фонари не включаются при отказе энергии!",Ремонт повреждённых систем,инженер
"Джеймс, система контроля давления в отсеках нестабильна!",Ремонт повреждённых систем,инженер
"Уотсон, компьютер навигации не сохраняет маршрут!",Ремонт повреждённых систем,инженер
"Брукс, система фильтрации топлива засорена!",Ремонт повреждённых систем,механик
"Келли, гидравлика дверей в медпункте не работает!",Ремонт повреждённых систем,механик
"Сандерс, система связи внутренняя перестала работать!",Ремонт повреждённых систем,инженер
"Прайс, кислородные датчики показывают некорректные значения!",Ремонт повреждённых систем,инженер
"Беннетт, система управления двигателями вибрирует!",Ремонт повреждённых систем,инженер
"Вуд, компьютер жизнеобеспечения требует перезагрузки!",Ремонт повреждённых систем,инженер
"Барнс, система пожаротушения в грузовом отсеке неактивна!",Ремонт повреждённых систем,механик
"Росс, навигационные огни мигают в случайном порядке!",Ремонт повреждённых систем,инженер
"Хендерсон, система вентиляции реакторного отсека сломана!",Ремонт повреждённых систем,механик
"Коулман, балластные цистерны не заполняются равномерно!",Ремонт повреждённых систем,механик
"Дженкинс, медицинский монитор показывает помехи!",Ремонт повреждённых систем,врач
"Перри, система управления дверьми шлюза не отвечает!",Ремонт повреждённых систем,механик
"Пауэлл, компьютер тактического анализа завис!",Ремонт повреждённых систем,инженер
"Лонг, система охлаждения генератора перегревается!",Ремонт повреждённых систем,инженер
"Паттерсон, гидролокатор не обнаруживает крупные объекты!",Ремонт повреждённых систем,инженер
"Хьюз, система рециркуляции воды в душевых сломана!",Ремонт повреждённых систем,механик
"Флорес, аварийные клапаны в машинном отделении заклинило!",Ремонт повреждённых систем,механик
"Вашингтон, система связи с другими субмаринами не работает!",Ремонт повреждённых систем,инженер
"Батлер, компьютер диагностики двигателя показывает ошибки!",Ремонт повреждённых систем,инженер
"Симмонс, система управления освещением в коридорах сбоит!",Ремонт повреждённых систем,инженер
"Фостер, кислородные генераторы работают на пределе!",Ремонт повреждённых систем,инженер
"Гонсалес, система стабилизации курса не функционирует!",Ремонт повреждённых систем,инженер
"Брайант, медицинский дефибриллятор не заряжается!",Ремонт повреждённых систем,врач
"Александр, система вентиляции в каютах не работает!",Ремонт повреждённых систем,механик
"Рассел, гидравлика рулевых механизмов протекает!",Ремонт повреждённых систем,механик
"Гриффин, компьютер управления системами перегружен!",Ремонт повреждённых систем,инженер
"Диаз, система фильтрации воздуха в лаборатории засорена!",Ремонт повреждённых систем,механик
"Хейс, аварийный генератор не выдает достаточную мощность!",Ремонт повреждённых систем,инженер
"Майерс, система контроля температуры в отсеках нестабильна!",Ремонт повреждённых систем,инженер
"Форд, навигационные датчики показывают помехи!",Ремонт повреждённых систем,инженер
"Хамильтон, система управления балластом работает с перебоями!",Ремонт повреждённых систем,инженер
"Грэхем, медицинский сканер не калибруется!",Ремонт повреждённых систем,врач
"Салливан, система связи внутренняя искажает голос!",Ремонт повреждённых систем,инженер
"Уоллес, кислородные компрессоры издают странные звуки!",Ремонт повреждённых систем,инженер
"Вудс, компьютер навигации не определяет местоположение!",Ремонт повреждённых систем,инженер
"Коул, система охлаждения реактора теряет хладагент!",Ремонт повреждённых систем,инженер
"Уэст, гидравлика шлюзовых дверей работает медленно!",Ремонт повреждённых систем,механик
"Джордан, система аварийного оповещения не функционирует!",Ремонт повреждённых систем,инженер
"Оуэнс, медицинский fabricator не принимает команды!",Ремонт повреждённых систем,врач
"Рейнольдс, система вентиляции в оружейной сломана!",Ремонт повреждённых систем,механик
"Фишер, балластные помпы не откачивают воду!",Ремонт повреждённых систем,механик
"Эллис, компьютер управления энергосистемой показывает сбои!",Ремонт повреждённых систем,инженер
"Харрисон, система связи с базой прерывается!",Ремонт повреждённых систем,инженер
"Гибсон, кислородные датчики в жилом отсеке не работают!",Ремонт повреждённых систем,инженер
"Макдональд, система стабилизации глубины не держит заданную!",Ремонт повреждённых систем,инженер
"Круз, гидравлика рулевых плоскостей вибрирует!",Ремонт повреждённых систем,механик
"Маршалл, медицинский монитор жизненных показателей сбоит!",Ремонт повреждённых систем,врач
"Ортис, система управления дверьми в кормовом отсеке не работает!",Ремонт повреждённых систем,механик
"Гомес, компьютер тактического анализа не обрабатывает данные!",Ремонт повреждённых систем,инженер
"Мюррей, система охлаждения аккумуляторов не функционирует!",Ремонт повреждённых систем,инженер
"Фриман, гидролокатор показывает артефакты!",Ремонт повреждённых систем,инженер
"Уэллс, система рециркуляции воздуха в медпункте сломана!",Ремонт повреждённых систем,механик
"Вебб, аварийные клапаны в реакторном отсеке не открываются!",Ремонт повреждённых систем,механик
"Симпсон, система связи внешняя не устанавливает контакт!",Ремонт повреждённых систем,инженер
"Стивенс, компьютер диагностики систем не запускается!",Ремонт повреждённых систем,инженер
"Такер, система управления освещением в машинном отделении сбоит!",Ремонт повреждённых систем,инженер
"Портер, кислородные генераторы производят недостаточно O2!",Ремонт повреждённых систем,инженер
"Хантер, система стабилизации крена работает рывками!",Ремонт повреждённых систем,инженер
"Хикс, медицинский дефибриллятор не держит заряд!",Ремонт повреждённых систем,врач
"Кроуфорд, система вентиляции в каютах не справляется!",Ремонт повреждённых систем,механик
"Генри, гидравлика рулевых механизмов издает скрежет!",Ремонт повреждённых систем,механик
"Бойд, компьютер управления системами зависает!",Ремонт повреждённых систем,инженер
"Мэйсон, система фильтрации воздуха в рубке требует чистки!",Ремонт повреждённых систем,механик
"Моралес, аварийный генератор не запускается автоматически!",Ремонт повреждённых систем,инженер
"Кеннеди, система контроля температуры в отсеках перегрета!",Ремонт повреждённых систем,инженер
"Уоррен, навигационные датчики не определяют глубину!",Ремонт повреждённых систем,инженер
"Диксон, система управления балластом нестабильна!",Ремонт повреждённых систем,инженер
"Рамос, медицинский сканер показывает некорректные данные!",Ремонт повреждённых систем,врач
"Рейес, система связи внутренняя прерывается!",Ремонт повреждённых систем,инженер
"Бернс, кислородные компрессоры перегреваются!",Ремонт повреждённых систем,инженер
"Гордон, компьютер навигации не строит маршрут!",Ремонт повреждённых систем,инженер
"Шоу, система охлаждения реактора показывает утечку!",Ремонт повреждённых систем,инженер
"Холмс, гидравлика шлюзовых дверей не герметизирует!",Ремонт повреждённых систем,механик
"Рис, система аварийного оповещения не издает звук!",Ремонт повреждённых систем,инженер
"Робертсон, медицинский fabricator не распознает компоненты!",Ремонт повреждённых систем,врач
"Хант, система вентиляции в оружейной не работает!",Ремонт повреждённых систем,механик
"Блэк, балластные помпы не реагируют на команды!",Ремонт повреждённых систем,механик
"Дэниелс, компьютер управления энергосистемой перегружен!",Ремонт повреждённых систем,инженер
"Палмер, система связи с базой теряет сигнал!",Ремонт повреждённых систем,инженер
"Миллс, кислородные датчики в медпункте неисправны!",Ремонт повреждённых систем,инженер
"Николс, система стабилизации глубины сбоит при маневрах!",Ремонт повреждённых систем,инженер
"Грант, гидравлика рулевых плоскостей теряет давление!",Ремонт повреждённых систем,механик
"Найт, медицинский монитор показывает случайные значения!",Ремонт повреждённых систем,врач
"Фергюсон, система управления дверьми в носовом отсеке не работает!",Ремонт повреждённых систем,механик
"Роуз, компьютер тактического анализа не обновляет данные!",Ремонт повреждённых систем,инженер
"Стоун, система охлаждения аккумуляторов не справляется!",Ремонт повреждённых систем,инженер
"Хокинс, гидролокатор не обнаруживает мелкие объекты!",Ремонт повреждённых систем,инженер
"Данн, система рециркуляции воздуха в лаборатории сломана!",Ремонт повреждённых систем,механик
"Перкинс, аварийные клапаны в машинном отделении не закрываются!",Ремонт повреждённых систем,механик
"Хадсон, система связи внешняя передает шум!",Ремонт повреждённых систем,инженер
"Спенсер, компьютер диагностики систем не отвечает!",Ремонт повреждённых систем,инженер
"Гарднер, система управления освещом в грузовом отсеке сбоит!",Ремонт повреждённых систем,инженер
"Стивенс, кислородные генераторы потребляют слишком много энергии!",Ремонт повреждённых систем,инженер
"Пейн, система стабилизации крена не выравнивает субмарину!",Ремонт повреждённых систем,инженер
"Пирс, медицинский дефибриллятор не функционирует!",Ремонт повреждённых систем,врач
"Берри, система вентиляции в каютах не очищает воздух!",Ремонт повреждённых систем,механик
"Мэтьюз, гидравлика рулевых механизмов работает с перебоями!",Ремонт повреждённых систем,механик
"Арнольд, компьютер управления системами показывает синий экран!",Ремонт повреждённых систем,инженер
"Вагнер, система фильтрации воздуха в медпункте засорена!",Ремонт повреждённых систем,механик
"Уиллис, аварийный генератор не выдает стабильное напряжение!",Ремонт повреждённых систем,инженер
"Рэй, система контроля температуры в отсеках показывает аномалии!",Ремонт повреждённых систем,инженер
"Уоткинс, навигационные датчики не определяют направление!",Ремонт повреждённых систем,инженер
"Олсон, система управления балластом не держит заданную глубину!",Ремонт повреждённых систем,инженер
"Кэрролл, медицинский сканер не диагностирует повреждения!",Ремонт повреждённых систем,врач
"Данкан, система связи внутренняя полностью отключилась!",Ремонт повреждённых систем,инженер
"Снайдер, кислородные компрессоры издают тревожные звуки!",Ремонт повреждённых систем,инженер
"Харт, компьютер навигации не сохраняет путевые точки!",Ремонт повреждённых систем,инженер
"Каннингем, система охлаждения реактора аварийно отключилась!",Ремонт повреждённых систем,инженер
"Брэдли, гидравлика шлюзовых дверей блокируется!",Ремонт повреждённых систем,механик
"Лейн, система аварийного оповещения не активируется!",Ремонт повреждённых систем,инженер
"Эндрюс, медицинский fabricator не производит комплектующие!",Ремонт повреждённых систем,врач
"Руис, система вентиляции в оружейной показывает ошибки!",Ремонт повреждённых систем,механик
"Харпер, балластные помпы не регулируют плавучесть!",Ремонт повреждённых систем,механик
"Фокс, компьютер управления энергосистемой не распределяет нагрузку!",Ремонт повреждённых систем,инженер
"Райли, система связи с базой не принимает сообщения!",Ремонт повреждённых систем,инженер
"Армстронг, кислородные датчики в жилом отсеке показывают ноль!",Ремонт повреждённых систем,инженер
"Карпентер, система стабилизации глубины не работает!",Ремонт повреждённых систем,инженер
"Уивер, гидравлика рулевых плоскостей полностью отказала!",Ремонт повреждённых систем,механик
"Грин, медицинский монитор не отображает жизненные показатели!",Ремонт повреждённых систем,врач
"Лоуренс, система управления дверьми в кормовом отсеке заблокирована!",Ремонт повреждённых систем,механик
"Эллиот, компьютер тактического анализа не обрабатывает радарные данные!",Ремонт повреждённых систем,инженер
"Чавес, система охлаждения аккумуляторов показывает критические значения!",Ремонт повреждённых систем,инженер
"Симс, гидролокатор не определяет рельеф дна!",Ремонт повреждённых систем,инженер
"Остин, система рециркуляции воздуха в медпункте загрязнена!",Ремонт повреждённых систем,механик
"Питерс, аварийные клапаны в реакторном отсеке не реагируют!",Ремонт повреждённых систем,механик
"Келли, система связи внешняя не передает координаты!",Ремонт повреждённых систем,инженер
"Франклин, компьютер диагностики систем показывает фатальные ошибки!",Ремонт повреждённых систем,инженер
"Лоусон, система управления освещением в машинном отделении отключилась!",Ремонт повреждённых систем,инженер
"Филдс, кислородные генераторы полностью отказали!",Ремонт повреждённых систем,инженер
"Гутьеррес, система стабилизации крена не выравнивает лодку!",Ремонт повреждённых систем,инженер
"Райан, медицинский дефибриллятор неисправен!",Ремонт повреждённых систем,врач
"Шмидт, система вентиляции в каютах не удаляет CO2!",Ремонт повреждённых систем,механик
"Карр, гидравлика рулевых механизмов требует срочного ремонта!",Ремонт повреждённых систем,механик
"Васкес, компьютер управления системами аварийно отключился!",Ремонт повреждённых систем,инженер
"Кастильо, система фильтрации воздуха в лаборатории не функционирует!",Ремонт повреждённых систем,механик
